xof 0303txt 0032
template ColorRGBA {
 <35ff44e0-6c7c-11cf-8f52-0040333594a3>
 FLOAT red;
 FLOAT green;
 FLOAT blue;
 FLOAT alpha;
}

template ColorRGB {
 <d3e16e81-7835-11cf-8f52-0040333594a3>
 FLOAT red;
 FLOAT green;
 FLOAT blue;
}

template Material {
 <3d82ab4d-62da-11cf-ab39-0020af71e433>
 ColorRGBA faceColor;
 FLOAT power;
 ColorRGB specularColor;
 ColorRGB emissiveColor;
 [...]
}

template TextureFilename {
 <a42790e1-7810-11cf-8f52-0040333594a3>
 STRING filename;
}

template Frame {
 <3d82ab46-62da-11cf-ab39-0020af71e433>
 [...]
}

template Matrix4x4 {
 <f6f23f45-7686-11cf-8f52-0040333594a3>
 array FLOAT matrix[16];
}

template FrameTransformMatrix {
 <f6f23f41-7686-11cf-8f52-0040333594a3>
 Matrix4x4 frameMatrix;
}

template Vector {
 <3d82ab5e-62da-11cf-ab39-0020af71e433>
 FLOAT x;
 FLOAT y;
 FLOAT z;
}

template MeshFace {
 <3d82ab5f-62da-11cf-ab39-0020af71e433>
 DWORD nFaceVertexIndices;
 array DWORD faceVertexIndices[nFaceVertexIndices];
}

template Mesh {
 <3d82ab44-62da-11cf-ab39-0020af71e433>
 DWORD nVertices;
 array Vector vertices[nVertices];
 DWORD nFaces;
 array MeshFace faces[nFaces];
 [...]
}

template MeshNormals {
 <f6f23f43-7686-11cf-8f52-0040333594a3>
 DWORD nNormals;
 array Vector normals[nNormals];
 DWORD nFaceNormals;
 array MeshFace faceNormals[nFaceNormals];
}

template MeshMaterialList {
 <f6f23f42-7686-11cf-8f52-0040333594a3>
 DWORD nMaterials;
 DWORD nFaceIndexes;
 array DWORD faceIndexes[nFaceIndexes];
 [Material <3d82ab4d-62da-11cf-ab39-0020af71e433>]
}

template Coords2d {
 <f6f23f44-7686-11cf-8f52-0040333594a3>
 FLOAT u;
 FLOAT v;
}

template MeshTextureCoords {
 <f6f23f40-7686-11cf-8f52-0040333594a3>
 DWORD nTextureCoords;
 array Coords2d textureCoords[nTextureCoords];
}

template XSkinMeshHeader {
 <3cf169ce-ff7c-44ab-93c0-f78f62d172e2>
 WORD nMaxSkinWeightsPerVertex;
 WORD nMaxSkinWeightsPerFace;
 WORD nBones;
}

template SkinWeights {
 <6f0d123b-bad2-4167-a0d0-80224f25fabb>
 STRING transformNodeName;
 DWORD nWeights;
 array DWORD vertexIndices[nWeights];
 array FLOAT weights[nWeights];
 Matrix4x4 matrixOffset;
}

template AnimTicksPerSecond {
 <9e415a43-7ba6-4a73-8743-b73d47e88476>
 DWORD AnimTicksPerSecond;
}

template Animation {
 <3d82ab4f-62da-11cf-ab39-0020af71e433>
 [...]
}

template AnimationSet {
 <3d82ab50-62da-11cf-ab39-0020af71e433>
 [Animation <3d82ab4f-62da-11cf-ab39-0020af71e433>]
}

template FloatKeys {
 <10dd46a9-775b-11cf-8f52-0040333594a3>
 DWORD nValues;
 array FLOAT values[nValues];
}

template TimedFloatKeys {
 <f406b180-7b3b-11cf-8f52-0040333594a3>
 DWORD time;
 FloatKeys tfkeys;
}

template AnimationKey {
 <10dd46a8-775b-11cf-8f52-0040333594a3>
 DWORD keyType;
 DWORD nKeys;
 array TimedFloatKeys keys[nKeys];
}


Material hair_shana01 {
 1.000000;1.000000;1.000000;0.200000;;
 32.642128;
 0.025000;0.025000;0.025000;;
 0.000000;0.000000;0.000000;;

 TextureFilename {
  "hair_shana01.dds";
 }
}

Material mouth_0 {
 1.000000;1.000000;1.000000;0.200000;;
 32.642128;
 0.025000;0.025000;0.025000;;
 0.000000;0.000000;0.000000;;

 TextureFilename {
  "mouth_0.dds";
 }
}

Material eye_0 {
 1.000000;1.000000;1.000000;0.200000;;
 32.642128;
 0.025000;0.025000;0.025000;;
 0.000000;0.000000;0.000000;;

 TextureFilename {
  "eye_0.dds";
 }
}

Material bodymap04 {
 1.000000;1.000000;1.000000;0.200000;;
 32.642128;
 0.025000;0.025000;0.025000;;
 0.000000;0.000000;0.000000;;

 TextureFilename {
  "bodymap04.dds";
 }
}

Material bodymap01 {
 1.000000;1.000000;1.000000;0.200000;;
 32.642128;
 0.025000;0.025000;0.025000;;
 0.000000;0.000000;0.000000;;

 TextureFilename {
  "bodymap01.dds";
 }
}

Material male_jason_c {
 1.000000;1.000000;1.000000;0.200000;;
 32.642128;
 0.025000;0.025000;0.025000;;
 0.000000;0.000000;0.000000;;

 TextureFilename {
  "male_jason_c.dds";
 }
}

Material female_ring02_m {
 1.000000;1.000000;1.000000;0.200000;;
 32.642128;
 0.025000;0.025000;0.025000;;
 0.000000;0.000000;0.000000;;

 TextureFilename {
  "female_ring02_m.dds";
 }
}

Frame ARM_female_framework {
 

 FrameTransformMatrix {
  39.370080,0.000000,0.000000,0.000000,0.000000,39.370080,0.000005,0.000000,0.000000,-0.000005,39.370080,0.000000,-855.10624,-2744.21581,-2986.82189,1.000000;;
 }

 Frame _0__-com {
  

  FrameTransformMatrix {
   1.000000,0.000001,0.000000,0.000000,0.000000,-0.000000,1.000000,0.000000,0.000001,-1.000000,-0.000000,0.000000,-4.663938,-6.917602,107.900006,1.000000;;
  }

  Frame _1___body {
   

   FrameTransformMatrix {
    0.000001,-0.000000,1.000000,0.000000,0.996917,-0.078458,-0.000001,0.000000,0.078458,0.996918,0.000000,0.000000,-0.000002,0.000008,-3.651337,1.000000;;
   }

   Frame _3___bodytooll {
    

    FrameTransformMatrix {
     -0.000002,-1.000001,0.000002,0.000000,-0.806544,0.000003,0.591176,0.000000,-0.591176,-0.000000,-0.806544,0.000000,-0.533600,15.718094,3.686899,1.000000;;
    }

    Frame _3___bodytooll_end {
     

     FrameTransformMatrix {
      1.000000,0.000000,0.000000,0.000000,0.000000,1.000000,0.000000,0.000000,-0.000000,0.000000,1.000000,0.000000,0.000001,-0.000011,0.999962,1.000000;;
     }
    }
   }

   Frame _4___bodytoolr {
    

    FrameTransformMatrix {
     -0.000003,-1.000000,0.000004,0.000000,-0.758317,0.000005,0.651887,0.000000,-0.651887,-0.000001,-0.758317,0.000000,-0.533646,-15.718106,3.686960,1.000000;;
    }

    Frame _4___bodytoolr_end {
     

     FrameTransformMatrix {
      1.000000,-0.000000,-0.000000,0.000000,-0.000000,1.000000,0.000000,0.000000,0.000000,0.000000,1.000000,0.000000,0.000000,0.000000,0.999970,1.000000;;
     }
    }
   }

   Frame _5___chest {
    

    FrameTransformMatrix {
     0.972555,-0.018217,0.231958,0.000000,-0.012213,0.991559,0.129084,0.000000,-0.232351,-0.128374,0.964123,0.000000,-0.021172,-0.749176,9.519362,1.000000;;
    }

    Frame _8___backtool {
     

     FrameTransformMatrix {
      -0.064990,-0.939694,-0.335784,0.000000,-0.935855,-0.059394,0.347344,0.000000,-0.346341,0.336819,-0.875557,0.000000,-8.742050,-5.451840,27.626902,1.000000;;
     }

     Frame _8___backtool_end {
      

      FrameTransformMatrix {
       1.000000,-0.000000,-0.000000,0.000000,-0.000000,1.000000,0.000000,0.000000,0.000000,0.000000,1.000000,0.000000,0.000000,0.000004,0.999970,1.000000;;
      }
     }
    }

    Frame _9__-neck {
     

     FrameTransformMatrix {
      0.987688,-0.000000,-0.156435,0.000000,-0.000000,1.000000,-0.000000,0.000000,0.156435,0.000000,0.987688,0.000000,-0.003044,0.000000,27.342298,1.000000;;
     }

     Frame _12___head {
      

      FrameTransformMatrix {
       0.996929,-0.012218,-0.077348,0.000000,0.008228,0.998630,-0.051685,0.000000,0.077874,0.050890,0.995664,0.000000,0.000000,0.000000,3.870079,1.000000;;
      }

      Frame _12___head_end {
       

       FrameTransformMatrix {
        1.000000,0.000000,0.000000,0.000000,0.000000,1.000000,0.000000,0.000000,-0.000000,-0.000000,1.000000,0.000000,0.000000,0.000000,1.000008,1.000000;;
       }
      }
     }

     Frame _13__-claviclel {
      

      FrameTransformMatrix {
       -0.982155,0.104526,-0.156359,0.000000,-0.111222,0.347625,0.931014,0.000000,0.151669,0.931790,-0.329795,0.000000,0.003067,2.961918,-0.000023,1.000000;;
      }

      Frame _17___arm1l {
       

       FrameTransformMatrix {
        0.934989,0.340846,-0.098084,0.000000,-0.060047,0.424673,0.903354,0.000000,0.349558,-0.838737,0.417531,0.000000,0.001678,-0.013546,11.575938,1.000000;;
       }

       Frame _19___arm2l {
        

        FrameTransformMatrix {
         0.981694,0.001689,0.190458,0.000000,-0.001420,0.999998,-0.001551,0.000000,-0.190460,0.001252,0.981694,0.000000,0.000137,0.236198,24.920738,1.000000;;
        }

        Frame _21___arm2tooll {
         

         FrameTransformMatrix {
          0.000350,-0.999989,-0.004926,0.000000,0.000332,0.004926,-0.999989,0.000000,1.000001,0.000349,0.000334,0.000000,-0.245148,4.487891,12.594437,1.000000;;
         }

         Frame _21___arm2tooll_end {
          

          FrameTransformMatrix {
           1.000000,-0.000000,0.000000,0.000000,-0.000000,1.000000,-0.000000,0.000000,0.000000,0.000000,1.000000,0.000000,0.000001,0.000004,1.000008,1.000000;;
          }
         }
        }

        Frame _22___handl {
         

         FrameTransformMatrix {
          0.000797,-0.999974,0.007442,0.000000,0.999970,0.000856,0.007913,0.000000,-0.007920,0.007435,0.999941,0.000000,-0.172157,0.171791,21.484077,1.000000;;
         }

         Frame _24___handtooll {
          

          FrameTransformMatrix {
           -0.999889,0.000547,0.014893,0.000000,-0.014884,-0.087157,-0.996084,0.000000,0.000753,-0.996195,0.087156,0.000000,0.812615,-0.884506,7.647409,1.000000;;
          }

          Frame _24___handtooll_end {
           

           FrameTransformMatrix {
            1.000000,0.000000,-0.000000,0.000000,0.000000,1.000000,0.000000,0.000000,0.000000,-0.000000,1.000000,0.000000,-0.000001,0.000002,1.000008,1.000000;;
           }
          }
         }
        }
       }
      }
     }

     Frame _14__-clavicler {
      

      FrameTransformMatrix {
       -0.982153,-0.104531,-0.156359,0.000000,0.111220,0.347625,-0.931014,0.000000,0.151674,-0.931788,-0.329795,0.000000,0.003105,-2.961926,0.000008,1.000000;;
      }

      Frame _18___arm1r {
       

       FrameTransformMatrix {
        0.942915,-0.312550,-0.114989,0.000000,0.056227,0.489728,-0.870060,0.000000,0.328251,0.813928,0.479346,0.000000,-0.005333,0.001488,11.601119,1.000000;;
       }

       Frame _20___arm2r {
        

        FrameTransformMatrix {
         0.984954,0.000039,0.172815,0.000000,-0.000043,1.000000,0.000022,0.000000,-0.172815,-0.000029,0.984954,0.000000,-0.000004,-0.000027,24.923126,1.000000;;
        }

        Frame _23___handr {
         

         FrameTransformMatrix {
          0.000835,1.000000,-0.000000,0.000000,-1.000000,0.000835,0.000000,0.000000,0.000000,0.000000,1.000000,0.000000,-0.000027,0.000034,21.485486,1.000000;;
         }

         Frame _25___handtoolr {
          

          FrameTransformMatrix {
           0.999918,0.000902,-0.012733,0.000000,-0.012761,0.095128,-0.995383,0.000000,0.000313,0.995465,0.095132,0.000000,0.777096,0.823212,7.655970,1.000000;;
          }

          Frame _25___handtoolr_end {
           

           FrameTransformMatrix {
            1.000000,0.000000,0.000000,0.000000,-0.000000,1.000000,-0.000000,0.000000,0.000000,0.000000,1.000000,0.000000,-0.000008,0.000000,1.000008,1.000000;;
           }
          }
         }

         Frame _26___i0111 {
          

          FrameTransformMatrix {
           -0.849986,0.479674,0.217794,0.000000,-0.080270,0.290671,-0.953450,0.000000,-0.520652,-0.827902,-0.208563,0.000000,13.459453,2.587276,-48.263142,1.000000;;
          }

          Frame _26___i0111_end {
           

           FrameTransformMatrix {
            1.000000,0.000000,-0.000000,0.000000,0.000000,1.000000,-0.000000,0.000000,0.000000,0.000000,1.000000,0.000000,0.000008,0.000000,1.000015,1.000000;;
           }
          }
         }

         Frame _27___i0112 {
          

          FrameTransformMatrix {
           -0.329746,-0.883159,0.333612,0.000000,-0.636194,0.468962,0.612644,0.000000,-0.697513,-0.010225,-0.716498,0.000000,1.036968,-17.168690,-53.240323,1.000000;;
          }

          Frame _27___i0112_end {
           

           FrameTransformMatrix {
            1.000000,0.000000,0.000000,0.000000,0.000000,1.000000,0.000000,0.000000,-0.000000,-0.000000,1.000000,0.000000,0.000004,0.000000,1.000023,1.000000;;
           }
          }
         }

         Frame _28___i0113 {
          

          FrameTransformMatrix {
           -0.264728,0.882134,0.389563,0.000000,0.406018,0.468384,-0.784708,0.000000,-0.874682,-0.049564,-0.482156,0.000000,-11.629791,-17.354598,-66.251302,1.000000;;
          }

          Frame _28___i0113_end {
           

           FrameTransformMatrix {
            1.000000,0.000000,-0.000000,0.000000,-0.000000,1.000000,0.000000,0.000000,-0.000000,-0.000000,1.000000,0.000000,0.000000,0.000000,1.000023,1.000000;;
           }
          }
         }

         Frame _29___i0114 {
          

          FrameTransformMatrix {
           -0.331924,0.873377,0.356424,0.000000,-0.943035,-0.316274,-0.103219,0.000000,0.022579,-0.370381,0.928605,0.000000,-14.041306,-18.642830,-64.766118,1.000000;;
          }

          Frame _29___i0114_end {
           

           FrameTransformMatrix {
            1.000000,0.000000,0.000000,0.000000,-0.000000,1.000000,0.000000,0.000000,-0.000000,0.000000,1.000000,0.000000,0.000008,-0.000004,1.000023,1.000000;;
           }
          }
         }

         Frame _30___i0115 {
          

          FrameTransformMatrix {
           -0.271570,0.887419,0.372477,0.000000,-0.752655,0.045372,-0.656851,0.000000,-0.599801,-0.458727,0.655598,0.000000,-16.524048,-18.488896,-66.722886,1.000000;;
          }

          Frame _30___i0115_end {
           

           FrameTransformMatrix {
            1.000000,0.000000,0.000000,0.000000,0.000000,1.000000,-0.000000,0.000000,0.000000,0.000000,1.000000,0.000000,0.000004,0.000000,0.999992,1.000000;;
           }
          }
         }

         Frame _31___i0116 {
          

          FrameTransformMatrix {
           -0.074970,0.911494,0.404422,0.000000,0.447228,0.393221,-0.803345,0.000000,-0.891271,0.120642,-0.437126,0.000000,-18.590973,-17.933914,-70.176691,1.000000;;
          }

          Frame _31___i0116_end {
           

           FrameTransformMatrix {
            1.000000,0.000000,0.000000,0.000000,-0.000000,1.000000,-0.000000,0.000000,0.000000,-0.000000,1.000000,0.000000,-0.000006,0.000000,1.000008,1.000000;;
           }
          }
         }

         Frame _32___i0117 {
          

          FrameTransformMatrix {
           -0.694934,-0.718330,0.032630,0.000000,-0.280965,0.229484,-0.931877,0.000000,0.661908,-0.656762,-0.361303,0.000000,25.983414,4.400044,-49.877414,1.000000;;
          }

          Frame _32___i0117_end {
           

           FrameTransformMatrix {
            1.000000,0.000000,0.000000,0.000000,-0.000000,1.000000,0.000000,0.000000,0.000000,-0.000000,1.000000,0.000000,0.000002,0.000000,1.000046,1.000000;;
           }
          }
         }

         Frame _33___i0118 {
          

          FrameTransformMatrix {
           0.635233,-0.743446,0.209205,0.000000,-0.611478,-0.649605,-0.451782,0.000000,0.471776,0.159063,-0.867252,0.000000,41.782768,-11.269699,-58.493152,1.000000;;
          }

          Frame _33___i0118_end {
           

           FrameTransformMatrix {
            1.000000,0.000000,-0.000000,0.000000,0.000000,1.000000,0.000000,0.000000,-0.000000,0.000000,1.000000,0.000000,0.000000,0.000000,1.000019,1.000000;;
           }
          }
         }

         Frame _34___i0119 {
          

          FrameTransformMatrix {
           0.096184,0.934384,0.343038,0.000000,0.702334,-0.307921,0.641803,0.000000,0.705319,0.179196,-0.685867,0.000000,50.350234,-8.380615,-74.242381,1.000000;;
          }

          Frame _34___i0119_end {
           

           FrameTransformMatrix {
            1.000000,0.000000,0.000000,0.000000,0.000000,1.000000,-0.000000,0.000000,-0.000000,-0.000000,1.000000,0.000000,0.000004,0.000000,1.000019,1.000000;;
           }
          }
         }

         Frame _35___i0120 {
          

          FrameTransformMatrix {
           -0.084082,0.910064,0.405848,0.000000,0.724236,-0.223929,0.652179,0.000000,0.684405,0.348766,-0.640273,0.000000,55.993517,-7.135570,-79.792493,1.000000;;
          }

          Frame _35___i0120_end {
           

           FrameTransformMatrix {
            1.000000,0.000000,0.000000,0.000000,0.000000,1.000000,0.000000,0.000000,0.000000,-0.000000,1.000000,0.000000,0.000006,0.000008,1.000023,1.000000;;
           }
          }
         }

         Frame _36___i0121 {
          

          FrameTransformMatrix {
           0.096333,0.940544,0.325724,0.000000,-0.522312,-0.230802,0.820925,0.000000,0.847295,-0.249212,0.469025,0.000000,55.089626,-8.121022,-75.955174,1.000000;;
          }

          Frame _36___i0121_end {
           

           FrameTransformMatrix {
            1.000000,0.000000,0.000000,0.000000,0.000000,1.000000,0.000000,0.000000,0.000000,0.000000,1.000000,0.000000,-0.000004,0.000008,1.000000,1.000000;;
           }
          }
         }

         Frame _37___i0122 {
          

          FrameTransformMatrix {
           0.152017,0.943578,0.294195,0.000000,-0.937443,0.043328,0.345430,0.000000,0.313194,-0.328303,0.891138,0.000000,53.316013,-8.890202,-73.450758,1.000000;;
          }

          Frame _37___i0122_end {
           

           FrameTransformMatrix {
            1.000000,0.000000,0.000000,0.000000,-0.000000,1.000000,-0.000000,0.000000,0.000000,0.000000,1.000000,0.000000,0.000000,0.000000,1.000023,1.000000;;
           }
          }
         }

         Frame _38___i0123 {
          

          FrameTransformMatrix {
           -0.234981,0.856021,0.460445,0.000000,0.523686,-0.287581,0.801902,0.000000,0.818861,0.429561,-0.380711,0.000000,72.160486,1.102917,-94.916762,1.000000;;
          }

          Frame _38___i0123_end {
           

           FrameTransformMatrix {
            1.000000,0.000000,-0.000000,0.000000,0.000000,1.000000,-0.000000,0.000000,0.000000,0.000000,1.000000,0.000000,-0.000004,-0.000008,0.999970,1.000000;;
           }
          }
         }

         Frame _39___i0124 {
          

          FrameTransformMatrix {
           0.093636,0.903849,0.417480,0.000000,0.206131,0.392636,-0.896296,0.000000,-0.974033,0.169982,-0.149546,0.000000,-39.644042,-15.084237,-80.502106,1.000000;;
          }

          Frame _39___i0124_end {
           

           FrameTransformMatrix {
            1.000000,0.000000,0.000000,0.000000,0.000000,1.000000,0.000000,0.000000,0.000000,-0.000000,1.000000,0.000000,0.000004,0.000000,0.999970,1.000000;;
           }
          }
         }

         Frame _40___i0125 {
          

          FrameTransformMatrix {
           -0.432721,0.774574,0.461289,0.000000,-0.876142,-0.481884,-0.012726,0.000000,0.212430,-0.409662,0.887159,0.000000,-19.810837,-23.087322,-64.244051,1.000000;;
          }

          Frame _40___i0125_end {
           

           FrameTransformMatrix {
            1.000000,0.000000,0.000000,0.000000,-0.000000,1.000000,-0.000000,0.000000,0.000000,0.000000,1.000000,0.000000,-0.000008,0.000004,0.999977,1.000000;;
           }
          }
         }

         Frame _41___i0126 {
          

          FrameTransformMatrix {
           -0.250333,0.873166,0.418229,0.000000,-0.834653,0.024263,-0.550242,0.000000,-0.490600,-0.486819,0.722716,0.000000,-22.646446,-22.750405,-65.730234,1.000000;;
          }

          Frame _41___i0126_end {
           

           FrameTransformMatrix {
            1.000000,-0.000000,0.000000,0.000000,0.000000,1.000000,0.000000,0.000000,0.000000,0.000000,1.000000,0.000000,-0.000004,0.000008,1.000023,1.000000;;
           }
          }
         }

         Frame _42___i0127 {
          

          FrameTransformMatrix {
           -0.081790,0.790472,0.607014,0.000000,0.334287,0.595531,-0.730477,0.000000,-0.938916,0.143171,-0.312953,0.000000,-24.167549,-21.096805,-69.735712,1.000000;;
          }

          Frame _42___i0127_end {
           

           FrameTransformMatrix {
            1.000000,0.000000,-0.000000,0.000000,0.000000,1.000000,-0.000000,0.000000,0.000000,0.000000,1.000000,0.000000,0.000000,-0.000008,1.000023,1.000000;;
           }
          }
         }

         Frame _43___i0128 {
          

          FrameTransformMatrix {
           0.723229,-0.624694,0.294442,0.000000,-0.556971,-0.779687,-0.286127,0.000000,0.408315,0.042940,-0.911829,0.000000,47.625859,-11.066486,-57.263571,1.000000;;
          }

          Frame _43___i0128_end {
           

           FrameTransformMatrix {
            1.000000,0.000000,0.000000,0.000000,-0.000000,1.000000,0.000000,0.000000,-0.000000,0.000000,1.000000,0.000000,0.000000,-0.000002,1.000053,1.000000;;
           }
          }
         }

         Frame _44___i0129 {
          

          FrameTransformMatrix {
           0.239975,0.836157,0.493207,0.000000,0.654512,-0.514573,0.553921,0.000000,0.716956,0.189883,-0.670760,0.000000,55.243981,-10.265419,-74.274483,1.000000;;
          }

          Frame _44___i0129_end {
           

           FrameTransformMatrix {
            1.000000,-0.000000,0.000000,0.000000,0.000000,1.000000,0.000000,0.000000,0.000000,0.000000,1.000000,0.000000,0.000004,0.000000,0.999970,1.000000;;
           }
          }
         }

         Frame _45___i0130 {
          

          FrameTransformMatrix {
           0.006440,0.802983,0.595966,0.000000,0.657799,-0.452281,0.602278,0.000000,0.753163,0.388147,-0.531115,0.000000,62.158317,-8.598294,-80.864966,1.000000;;
          }

          Frame _45___i0130_end {
           

           FrameTransformMatrix {
            1.000000,0.000000,-0.000000,0.000000,0.000000,1.000000,-0.000000,0.000000,0.000000,0.000000,1.000000,0.000000,-0.000004,-0.000008,1.000008,1.000000;;
           }
          }
         }

         Frame _46___i0131 {
          

          FrameTransformMatrix {
           0.091734,0.922530,0.374866,0.000000,-0.630781,-0.237459,0.738735,0.000000,0.770520,-0.304226,0.560130,0.000000,62.204576,-10.464981,-76.670413,1.000000;;
          }

          Frame _46___i0131_end {
           

           FrameTransformMatrix {
            1.000000,0.000000,-0.000000,0.000000,-0.000000,1.000000,0.000000,0.000000,-0.000000,0.000000,1.000000,0.000000,-0.000004,0.000000,1.000031,1.000000;;
           }
          }
         }

         Frame _47___i0132 {
          

          FrameTransformMatrix {
           0.299287,0.880765,0.366989,0.000000,-0.944168,0.217845,0.247166,0.000000,0.137749,-0.420472,0.896788,0.000000,60.037965,-11.526570,-74.539213,1.000000;;
          }

          Frame _47___i0132_end {
           

           FrameTransformMatrix {
            1.000000,0.000000,0.000000,0.000000,0.000000,1.000000,0.000000,0.000000,0.000000,0.000000,1.000000,0.000000,0.000000,0.000000,0.999954,1.000000;;
           }
          }
         }

         Frame _48___i0133 {
          

          FrameTransformMatrix {
           -0.423363,-0.790660,0.442287,0.000000,-0.663086,0.603086,0.443399,0.000000,-0.617315,-0.105555,-0.779600,0.000000,-4.134609,-18.560245,-50.589386,1.000000;;
          }

          Frame _48___i0133_end {
           

           FrameTransformMatrix {
            1.000000,0.000000,0.000000,0.000000,-0.000000,1.000000,0.000000,0.000000,0.000000,0.000000,1.000000,0.000000,0.000008,-0.000004,1.000069,1.000000;;
           }
          }
         }

         Frame _49___i0134 {
          

          FrameTransformMatrix {
           -0.333373,0.753148,0.567123,0.000000,0.325836,0.656507,-0.680315,0.000000,-0.884699,-0.042009,-0.464265,0.000000,-15.650902,-20.529910,-65.134611,1.000000;;
          }

          Frame _49___i0134_end {
           

           FrameTransformMatrix {
            1.000000,0.000000,-0.000000,0.000000,0.000000,1.000000,0.000000,0.000000,-0.000000,0.000000,1.000000,0.000000,0.000002,0.000004,0.999970,1.000000;;
           }
          }
         }

         Frame _50___i0135 {
          

          FrameTransformMatrix {
           0.249556,0.762987,0.596298,0.000000,0.084786,0.596200,-0.798346,0.000000,-0.964641,0.249789,0.084095,0.000000,-51.349142,-16.952634,-78.795290,1.000000;;
          }

          Frame _50___i0135_end {
           

           FrameTransformMatrix {
            1.000000,0.000000,0.000000,0.000000,0.000000,1.000000,0.000000,0.000000,0.000000,0.000000,1.000000,0.000000,0.000008,0.000008,0.999947,1.000000;;
           }
          }
         }

         Frame _51___i0136 {
          

          FrameTransformMatrix {
           -0.295639,0.683287,0.667618,0.000000,0.443823,-0.520614,0.729370,0.000000,0.845941,0.511935,-0.149345,0.000000,83.962586,2.638462,-96.240858,1.000000;;
          }

          Frame _51___i0136_end {
           

           FrameTransformMatrix {
            1.000000,-0.000000,0.000000,0.000000,0.000000,1.000000,0.000000,0.000000,0.000000,0.000000,1.000000,0.000000,0.000004,0.000008,0.999931,1.000000;;
           }
          }
         }

         Frame _52___i0137 {
          

          FrameTransformMatrix {
           0.787725,-0.525061,-0.322179,0.000000,-0.023744,-0.548485,0.835821,0.000000,-0.615567,-0.650748,-0.444523,0.000000,15.069896,1.742390,-36.722240,1.000000;;
          }

          Frame _52___i0137_end {
           

           FrameTransformMatrix {
            1.000000,0.000000,0.000000,0.000000,0.000000,1.000000,-0.000000,0.000000,0.000000,0.000000,1.000000,0.000000,0.000000,0.000000,0.999977,1.000000;;
           }
          }
         }

         Frame _53___i0138 {
          

          FrameTransformMatrix {
           -0.665893,-0.733082,-0.138473,0.000000,-0.379844,0.492894,-0.782798,0.000000,0.642108,-0.468662,-0.606672,0.000000,27.593722,3.556148,-38.336458,1.000000;;
          }

          Frame _53___i0138_end {
           

           FrameTransformMatrix {
            1.000000,0.000000,-0.000000,0.000000,-0.000000,1.000000,0.000000,0.000000,0.000000,0.000000,1.000000,0.000000,-0.000002,0.000008,0.999977,1.000000;;
           }
          }
         }

         Frame _54___i1001 {
          

          FrameTransformMatrix {
           0.993073,0.114984,0.024169,0.000000,-0.117408,0.979102,0.166056,0.000000,-0.004570,-0.167743,0.985820,0.000000,5.371441,2.312496,-6.660579,1.000000;;
          }

          Frame _54___i1001_end {
           

           FrameTransformMatrix {
            1.000000,-0.000000,-0.000000,0.000000,0.000000,1.000000,-0.000000,0.000000,-0.000000,0.000000,1.000000,0.000000,0.000000,-0.000008,1.000011,1.000000;;
           }
          }
         }

         Frame _55___i1002 {
          

          FrameTransformMatrix {
           0.928200,0.152773,-0.339272,0.000000,-0.133135,0.987818,0.080572,0.000000,0.347448,-0.029618,0.937232,0.000000,35.066291,6.572392,-10.058499,1.000000;;
          }

          Frame _55___i1002_end {
           

           FrameTransformMatrix {
            1.000000,0.000000,0.000000,0.000000,0.000000,1.000000,0.000000,0.000000,0.000000,0.000000,1.000000,0.000000,0.000000,-0.000015,0.999998,1.000000;;
           }
          }
         }

         Frame _56___i1003 {
          

          FrameTransformMatrix {
           0.099059,-0.945310,-0.310769,0.000000,0.981825,0.143658,-0.124025,0.000000,0.161887,-0.292835,0.942359,0.000000,21.221702,-7.370533,-13.024812,1.000000;;
          }

          Frame _56___i1003_end {
           

           FrameTransformMatrix {
            1.000000,0.000000,0.000000,0.000000,0.000000,1.000000,-0.000000,0.000000,-0.000000,0.000000,1.000000,0.000000,0.000000,-0.000002,0.999962,1.000000;;
           }
          }
         }

         Frame _57___i1004 {
          

          FrameTransformMatrix {
           0.086461,-0.920304,-0.381529,0.000000,0.981824,0.143658,-0.124026,0.000000,0.168951,-0.363871,0.915998,0.000000,29.756013,-22.730968,36.743520,1.000000;;
          }

          Frame _57___i1004_end {
           

           FrameTransformMatrix {
            1.000000,-0.000000,0.000000,0.000000,0.000000,1.000000,-0.000000,0.000000,0.000000,-0.000000,1.000000,0.000000,0.000004,0.000000,0.999982,1.000000;;
           }
          }
         }

         Frame _58___i1005 {
          

          FrameTransformMatrix {
           0.992932,0.111207,0.041452,0.000000,-0.117187,0.973934,0.194215,0.000000,-0.018773,-0.197700,0.980083,0.000000,5.884365,-6.153156,42.864845,1.000000;;
          }

          Frame _58___i1005_end {
           

           FrameTransformMatrix {
            1.000000,-0.000000,-0.000000,0.000000,-0.000000,1.000000,-0.000000,0.000000,-0.000000,-0.000000,1.000000,0.000000,-0.000004,0.000000,0.999960,1.000000;;
           }
          }
         }

         Frame _59___i1006 {
          

          FrameTransformMatrix {
           0.912698,0.154689,-0.378224,0.000000,-0.122761,0.986621,0.107280,0.000000,0.389759,-0.051483,0.919477,0.000000,52.458826,4.930340,37.251376,1.000000;;
          }

          Frame _59___i1006_end {
           

           FrameTransformMatrix {
            1.000000,0.000000,0.000000,0.000000,0.000000,1.000000,-0.000000,0.000000,0.000000,0.000000,1.000000,0.000000,-0.000001,-0.000008,1.000019,1.000000;;
           }
          }
         }

         Frame _60___i1007 {
          

          FrameTransformMatrix {
           0.099826,-0.946690,-0.306289,0.000000,0.981825,0.143658,-0.124026,0.000000,0.161415,-0.288341,0.943825,0.000000,25.696494,-15.474720,13.012048,1.000000;;
          }

          Frame _60___i1007_end {
           

           FrameTransformMatrix {
            1.000000,0.000000,0.000000,0.000000,0.000000,1.000000,-0.000000,0.000000,0.000000,0.000000,1.000000,0.000000,0.000004,0.000000,0.999991,1.000000;;
           }
          }
         }

         Frame _61___i1008 {
          

          FrameTransformMatrix {
           0.992801,0.119712,-0.004063,0.000000,-0.117263,0.978291,0.170867,0.000000,0.024429,-0.169161,0.985286,0.000000,5.258812,-1.821751,17.636192,1.000000;;
          }

          Frame _61___i1008_end {
           

           FrameTransformMatrix {
            1.000000,-0.000000,-0.000000,0.000000,0.000000,1.000000,0.000000,0.000000,-0.000000,-0.000000,1.000000,0.000000,-0.000004,0.000015,1.000045,1.000000;;
           }
          }
         }

         Frame _62___i1009 {
          

          FrameTransformMatrix {
           0.930287,0.152614,-0.333580,0.000000,-0.131506,0.987655,0.085113,0.000000,0.342451,-0.035312,0.938872,0.000000,43.536346,5.850353,12.789221,1.000000;;
          }

          Frame _62___i1009_end {
           

           FrameTransformMatrix {
            1.000000,0.000000,-0.000000,0.000000,0.000000,1.000000,-0.000000,0.000000,-0.000000,0.000000,1.000000,0.000000,-0.000000,0.000000,1.000021,1.000000;;
           }
          }
         }

         Frame _63___i1010 {
          

          FrameTransformMatrix {
           0.104131,-0.980665,-0.165693,0.000000,0.974966,0.133562,-0.177774,0.000000,0.196467,-0.143033,0.970022,0.000000,17.013614,-7.056587,-38.852330,1.000000;;
          }

          Frame _63___i1010_end {
           

           FrameTransformMatrix {
            1.000000,0.000000,0.000000,0.000000,0.000000,1.000000,0.000000,0.000000,0.000000,-0.000000,1.000000,0.000000,0.000004,0.000000,0.999996,1.000000;;
           }
          }
         }

         Frame _64___i1011 {
          

          FrameTransformMatrix {
           0.106036,-0.982009,-0.156258,0.000000,0.974966,0.133562,-0.177774,0.000000,0.195445,-0.133495,0.971587,0.000000,23.074875,-11.469314,-8.925872,1.000000;;
          }

          Frame _64___i1011_end {
           

           FrameTransformMatrix {
            1.000000,-0.000000,-0.000000,0.000000,0.000000,1.000000,-0.000000,0.000000,-0.000000,0.000000,1.000000,0.000000,0.000000,-0.000004,0.999956,1.000000;;
           }
          }
         }

         Frame _65___i1012 {
          

          FrameTransformMatrix {
           0.103779,-0.980407,-0.167423,0.000000,0.974965,0.133562,-0.177774,0.000000,0.196652,-0.144782,0.969725,0.000000,29.621418,-15.940811,23.617848,1.000000;;
          }

          Frame _65___i1012_end {
           

           FrameTransformMatrix {
            1.000000,0.000000,0.000000,0.000000,0.000000,1.000000,0.000000,0.000000,-0.000000,-0.000000,1.000000,0.000000,0.000000,0.000002,1.000021,1.000000;;
           }
          }
         }

         Frame _66___i1013 {
          

          FrameTransformMatrix {
           0.988808,0.136903,-0.059295,0.000000,-0.131252,0.987206,0.090543,0.000000,0.070932,-0.081747,0.994126,0.000000,17.666600,15.760211,-9.775413,1.000000;;
          }

          Frame _66___i1013_end {
           

           FrameTransformMatrix {
            1.000000,0.000000,-0.000000,0.000000,0.000000,1.000000,-0.000000,0.000000,0.000000,0.000000,1.000000,0.000000,0.000000,0.000000,0.999958,1.000000;;
           }
          }
         }

         Frame _67___i1014 {
          

          FrameTransformMatrix {
           0.988804,0.136935,-0.059293,0.000000,-0.131283,0.987201,0.090547,0.000000,0.070933,-0.081749,0.994126,0.000000,19.351078,13.751598,14.566296,1.000000;;
          }

          Frame _67___i1014_end {
           

           FrameTransformMatrix {
            1.000000,0.000000,-0.000000,0.000000,-0.000000,1.000000,0.000000,0.000000,-0.000000,-0.000000,1.000000,0.000000,-0.000002,0.000008,0.999958,1.000000;;
           }
          }
         }

         Frame _68___j1001 {
          

          FrameTransformMatrix {
           -0.016807,0.007985,-0.999827,0.000000,-0.999858,-0.001156,0.016798,0.000000,-0.001021,0.999967,0.008003,0.000000,1.142490,-0.626137,7.544826,1.000000;;
          }

          Frame _68___j1001_end {
           

           FrameTransformMatrix {
            1.000000,-0.000000,-0.000000,0.000000,-0.000000,1.000000,0.000000,0.000000,-0.000000,0.000000,1.000000,0.000000,-0.000001,0.000004,1.000004,1.000000;;
           }
          }
         }

         Frame _69___j1002 {
          

          FrameTransformMatrix {
           -0.012708,0.008386,-0.999884,0.000000,-0.999919,-0.001123,0.012699,0.000000,-0.001016,0.999964,0.008400,0.000000,1.132034,12.112751,7.646746,1.000000;;
          }

          Frame _69___j1002_end {
           

           FrameTransformMatrix {
            1.000000,-0.000000,0.000000,0.000000,-0.000000,1.000000,-0.000000,0.000000,-0.000000,0.000000,1.000000,0.000000,0.000000,0.000000,1.000000,1.000000;;
           }
          }
         }

         Frame _70___j1003 {
          

          FrameTransformMatrix {
           -0.009708,0.008292,-0.999919,0.000000,-0.999951,-0.001798,0.009693,0.000000,-0.001717,0.999964,0.008309,0.000000,1.119694,26.991261,7.778982,1.000000;;
          }

          Frame _70___j1003_end {
           

           FrameTransformMatrix {
            1.000000,0.000000,0.000000,0.000000,0.000000,1.000000,0.000000,0.000000,0.000000,0.000000,1.000000,0.000000,0.000000,-0.000004,0.999992,1.000000;;
           }
          }
         }

         Frame _71___j1004 {
          

          FrameTransformMatrix {
           -0.018906,0.007982,-0.999790,0.000000,-0.999821,-0.001173,0.018898,0.000000,-0.001021,0.999967,0.008002,0.000000,1.107063,42.047885,7.909641,1.000000;;
          }

          Frame _71___j1004_end {
           

           FrameTransformMatrix {
            1.000000,0.000000,0.000000,0.000000,0.000000,1.000000,0.000000,0.000000,-0.000000,0.000000,1.000000,0.000000,-0.000001,0.000004,1.000000,1.000000;;
           }
          }
         }

         Frame _72___j1005 {
          

          FrameTransformMatrix {
           -0.010008,0.008289,-0.999916,0.000000,-0.999950,-0.001100,0.009999,0.000000,-0.001017,0.999965,0.008300,0.000000,1.094811,56.837254,8.034659,1.000000;;
          }

          Frame _72___j1005_end {
           

           FrameTransformMatrix {
            1.000000,-0.000000,0.000000,0.000000,-0.000000,1.000000,0.000000,0.000000,0.000000,-0.000000,1.000000,0.000000,0.000001,0.000000,1.000000,1.000000;;
           }
          }
         }

         Frame _73___j1006 {
          

          FrameTransformMatrix {
           -0.003608,0.007999,-0.999961,0.000000,-0.999993,-0.001050,0.003599,0.000000,-0.001021,0.999968,0.008003,0.000000,1.082626,71.715757,8.155986,1.000000;;
          }

          Frame _73___j1006_end {
           

           FrameTransformMatrix {
            1.000000,0.000000,0.000000,0.000000,-0.000000,1.000000,0.000000,0.000000,-0.000000,0.000000,1.000000,0.000000,0.000000,0.000008,1.000015,1.000000;;
           }
          }
         }

         Frame _74___j1007 {
          

          FrameTransformMatrix {
           -0.009208,0.008390,-0.999923,0.000000,-0.999957,-0.001093,0.009199,0.000000,-0.001016,0.999964,0.008400,0.000000,1.070324,86.683469,8.274633,1.000000;;
          }

          Frame _74___j1007_end {
           

           FrameTransformMatrix {
            1.000000,0.000000,0.000000,0.000000,-0.000000,1.000000,-0.000000,0.000000,0.000000,0.000000,1.000000,0.000000,-0.000002,-0.000004,0.999985,1.000000;;
           }
          }
         }

         Frame _75___j1008 {
          

          FrameTransformMatrix {
           -0.020606,0.008376,-0.999753,0.000000,-0.999787,-0.001189,0.020597,0.000000,-0.001016,0.999964,0.008399,0.000000,1.058094,101.562010,8.392562,1.000000;;
          }

          Frame _75___j1008_end {
           

           FrameTransformMatrix {
            1.000000,0.000000,-0.000000,0.000000,-0.000000,1.000000,0.000000,0.000000,0.000000,0.000000,1.000000,0.000000,0.000002,-0.000004,1.000031,1.000000;;
           }
          }
         }

         Frame _76___j1009 {
          

          FrameTransformMatrix {
           -0.010107,0.007890,-0.999918,0.000000,-0.999949,-0.000202,0.010105,0.000000,-0.000122,0.999969,0.007891,0.000000,1.045883,116.440538,8.511596,1.000000;;
          }

          Frame _76___j1009_end {
           

           FrameTransformMatrix {
            1.000000,0.000000,0.000000,0.000000,-0.000000,1.000000,0.000000,0.000000,0.000000,-0.000000,1.000000,0.000000,0.000000,0.000000,1.000000,1.000000;;
           }
          }
         }

         Frame _77___j1010 {
          

          FrameTransformMatrix {
           -0.010107,0.007890,-0.999918,0.000000,-0.999949,-0.000302,0.010105,0.000000,-0.000222,0.999969,0.007893,0.000000,1.033592,131.408243,8.631334,1.000000;;
          }

          Frame _77___j1010_end {
           

           FrameTransformMatrix {
            1.000000,0.000000,-0.000000,0.000000,0.000000,1.000000,0.000000,0.000000,-0.000000,-0.000000,1.000000,0.000000,-0.000002,0.000004,1.000000,1.000000;;
           }
          }
         }

         Frame _78___j1011 {
          

          FrameTransformMatrix {
           -0.010107,0.007693,-0.999920,0.000000,-0.999949,-0.000702,0.010102,0.000000,-0.000625,0.999971,0.007700,0.000000,1.021454,146.197709,8.749656,1.000000;;
          }

          Frame _78___j1011_end {
           

           FrameTransformMatrix {
            1.000000,-0.000000,0.000000,0.000000,-0.000000,1.000000,-0.000000,0.000000,0.000000,0.000000,1.000000,0.000000,0.000000,0.000000,0.999985,1.000000;;
           }
          }
         }

         Frame _79___j1012 {
          

          FrameTransformMatrix {
           -0.010708,0.008388,-0.999908,0.000000,-0.999942,-0.001106,0.010699,0.000000,-0.001016,0.999964,0.008399,0.000000,1.009216,161.111910,8.868976,1.000000;;
          }

          Frame _79___j1012_end {
           

           FrameTransformMatrix {
            1.000000,0.000000,0.000000,0.000000,0.000000,1.000000,-0.000000,0.000000,0.000000,0.000000,1.000000,0.000000,0.000002,0.000000,1.000015,1.000000;;
           }
          }
         }

         Frame _80___j1013 {
          

          FrameTransformMatrix {
           -0.010408,0.007890,-0.999915,0.000000,-0.999946,-0.000305,0.010405,0.000000,-0.000223,0.999969,0.007893,0.000000,0.997032,175.954752,8.987714,1.000000;;
          }

          Frame _80___j1013_end {
           

           FrameTransformMatrix {
            1.000000,-0.000000,-0.000000,0.000000,0.000000,1.000000,0.000000,0.000000,0.000000,0.000000,1.000000,0.000000,0.000000,-0.000004,1.000015,1.000000;;
           }
          }
         }

         Frame _81___j1014 {
          

          FrameTransformMatrix {
           -0.020700,-0.000022,-0.999786,0.000000,-0.999786,-0.000922,0.020700,0.000000,-0.000923,1.000000,-0.000003,0.000000,0.985260,190.298765,9.102466,1.000000;;
          }

          Frame _81___j1014_end {
           

           FrameTransformMatrix {
