xof 0303txt 0032
template ColorRGBA {
 <35ff44e0-6c7c-11cf-8f52-0040333594a3>
 FLOAT red;
 FLOAT green;
 FLOAT blue;
 FLOAT alpha;
}

template ColorRGB {
 <d3e16e81-7835-11cf-8f52-0040333594a3>
 FLOAT red;
 FLOAT green;
 FLOAT blue;
}

template Material {
 <3d82ab4d-62da-11cf-ab39-0020af71e433>
 ColorRGBA faceColor;
 FLOAT power;
 ColorRGB specularColor;
 ColorRGB emissiveColor;
 [...]
}

template TextureFilename {
 <a42790e1-7810-11cf-8f52-0040333594a3>
 STRING filename;
}

template Frame {
 <3d82ab46-62da-11cf-ab39-0020af71e433>
 [...]
}

template Matrix4x4 {
 <f6f23f45-7686-11cf-8f52-0040333594a3>
 array FLOAT matrix[16];
}

template FrameTransformMatrix {
 <f6f23f41-7686-11cf-8f52-0040333594a3>
 Matrix4x4 frameMatrix;
}

template Vector {
 <3d82ab5e-62da-11cf-ab39-0020af71e433>
 FLOAT x;
 FLOAT y;
 FLOAT z;
}

template MeshFace {
 <3d82ab5f-62da-11cf-ab39-0020af71e433>
 DWORD nFaceVertexIndices;
 array DWORD faceVertexIndices[nFaceVertexIndices];
}

template Mesh {
 <3d82ab44-62da-11cf-ab39-0020af71e433>
 DWORD nVertices;
 array Vector vertices[nVertices];
 DWORD nFaces;
 array MeshFace faces[nFaces];
 [...]
}

template MeshNormals {
 <f6f23f43-7686-11cf-8f52-0040333594a3>
 DWORD nNormals;
 array Vector normals[nNormals];
 DWORD nFaceNormals;
 array MeshFace faceNormals[nFaceNormals];
}

template MeshMaterialList {
 <f6f23f42-7686-11cf-8f52-0040333594a3>
 DWORD nMaterials;
 DWORD nFaceIndexes;
 array DWORD faceIndexes[nFaceIndexes];
 [Material <3d82ab4d-62da-11cf-ab39-0020af71e433>]
}

template Coords2d {
 <f6f23f44-7686-11cf-8f52-0040333594a3>
 FLOAT u;
 FLOAT v;
}

template MeshTextureCoords {
 <f6f23f40-7686-11cf-8f52-0040333594a3>
 DWORD nTextureCoords;
 array Coords2d textureCoords[nTextureCoords];
}

template XSkinMeshHeader {
 <3cf169ce-ff7c-44ab-93c0-f78f62d172e2>
 WORD nMaxSkinWeightsPerVertex;
 WORD nMaxSkinWeightsPerFace;
 WORD nBones;
}

template SkinWeights {
 <6f0d123b-bad2-4167-a0d0-80224f25fabb>
 STRING transformNodeName;
 DWORD nWeights;
 array DWORD vertexIndices[nWeights];
 array FLOAT weights[nWeights];
 Matrix4x4 matrixOffset;
}

template AnimTicksPerSecond {
 <9e415a43-7ba6-4a73-8743-b73d47e88476>
 DWORD AnimTicksPerSecond;
}

template Animation {
 <3d82ab4f-62da-11cf-ab39-0020af71e433>
 [...]
}

template AnimationSet {
 <3d82ab50-62da-11cf-ab39-0020af71e433>
 [Animation <3d82ab4f-62da-11cf-ab39-0020af71e433>]
}

template FloatKeys {
 <10dd46a9-775b-11cf-8f52-0040333594a3>
 DWORD nValues;
 array FLOAT values[nValues];
}

template TimedFloatKeys {
 <f406b180-7b3b-11cf-8f52-0040333594a3>
 DWORD time;
 FloatKeys tfkeys;
}

template AnimationKey {
 <10dd46a8-775b-11cf-8f52-0040333594a3>
 DWORD keyType;
 DWORD nKeys;
 array TimedFloatKeys keys[nKeys];
}


Material female_2010contest_japan01_c {
 0.640000;0.640000;0.640000;0.200000;;
 32.642128;
 0.025000;0.025000;0.025000;;
 0.000000;0.000000;0.000000;;

 TextureFilename {
  "female_2010contest_japan01_c.dds";
 }
}

Material female_2010contest_japan01_l {
 0.640000;0.640000;0.640000;0.200000;;
 32.642128;
 0.025000;0.025000;0.025000;;
 0.000000;0.000000;0.000000;;

 TextureFilename {
  "female_2010contest_japan01_l.dds";
 }
}

Material bodymap01 {
 0.640000;0.640000;0.640000;0.200000;;
 32.642128;
 0.025000;0.025000;0.025000;;
 0.000000;0.000000;0.000000;;

 TextureFilename {
  "bodymap01.dds";
 }
}

Frame ARM_male_framework {
 

 FrameTransformMatrix {
  100.000000,0.000000,0.000000,0.000000,0.000000,100.000000,0.000000,0.000000,0.000000,0.000000,100.000000,0.000000,0.000000,0.000000,0.000000,1.000000;;
 }

 Frame _0__-com {
  

  FrameTransformMatrix {
   1.000000,0.000000,0.000000,0.000000,0.000000,-0.000000,1.000000,0.000000,0.000000,-1.000000,-0.000000,0.000000,-0.026700,-6.911400,108.412083,1.000000;;
  }

  Frame _1___body {
   

   FrameTransformMatrix {
    -0.000000,0.000000,1.000000,0.000000,1.000000,-0.000000,0.000000,0.000000,0.000000,1.000000,0.000000,0.000000,0.000000,0.000000,-3.651499,1.000000;;
   }

   Frame _3___bodytooll {
    

    FrameTransformMatrix {
     0.000000,-1.000001,-0.000000,0.000000,-0.766020,-0.000000,0.642817,0.000000,-0.642817,-0.000000,-0.766020,0.000000,-0.533601,15.718104,3.687004,1.000000;;
    }

    Frame _3___bodytooll_end {
     

     FrameTransformMatrix {
      1.000000,-0.000000,0.000000,0.000000,-0.000000,1.000000,0.000000,0.000000,-0.000000,0.000000,1.000000,0.000000,0.000000,0.000000,0.999977,1.000000;;
     }
    }
   }

   Frame _4___bodytoolr {
    

    FrameTransformMatrix {
     0.000000,-1.000001,-0.000000,0.000000,-0.766020,-0.000000,0.642817,0.000000,-0.642817,-0.000000,-0.766020,0.000000,-0.533599,-15.718099,3.687004,1.000000;;
    }

    Frame _4___bodytoolr_end {
     

     FrameTransformMatrix {
      1.000000,-0.000000,0.000000,0.000000,-0.000000,1.000000,0.000000,0.000000,-0.000000,0.000000,1.000000,0.000000,0.000000,-0.000015,0.999977,1.000000;;
     }
    }
   }

   Frame _5___chest {
    

    FrameTransformMatrix {
     0.981785,-0.000000,0.189998,0.000000,0.000000,1.000000,0.000000,0.000000,-0.189998,-0.000000,0.981785,0.000000,-0.021400,-0.000000,9.549805,1.000000;;
    }

    Frame _8___backtool {
     

     FrameTransformMatrix {
      -0.064975,-0.939699,-0.335776,0.000000,-0.935881,-0.059379,0.347277,0.000000,-0.346273,0.336811,-0.875588,0.000000,-8.742866,-5.451701,27.626579,1.000000;;
     }

     Frame _8___backtool_end {
      

      FrameTransformMatrix {
       1.000000,0.000000,-0.000000,0.000000,-0.000000,1.000000,0.000000,0.000000,0.000000,0.000000,1.000000,0.000000,-0.000008,0.000000,0.999954,1.000000;;
      }
     }
    }

    Frame _9__-neck {
     

     FrameTransformMatrix {
      0.987693,0.000000,-0.156408,0.000000,-0.000000,1.000000,-0.000000,0.000000,0.156408,0.000000,0.987693,0.000000,-0.003897,0.000000,27.342307,1.000000;;
     }

     Frame _12___head {
      

      FrameTransformMatrix {
       0.999419,0.000000,-0.034100,0.000000,-0.000000,1.000000,-0.000000,0.000000,0.034100,0.000000,0.999418,0.000000,0.000070,-0.000000,3.870041,1.000000;;
      }

      Frame _12___head_end {
       

       FrameTransformMatrix {
        1.000000,0.000000,0.000000,0.000000,-0.000000,1.000000,-0.000000,0.000000,-0.000000,-0.000000,1.000000,0.000000,-0.000000,0.000000,1.000000,1.000000;;
       }
      }
     }

     Frame _13__-claviclel {
      

      FrameTransformMatrix {
       -0.987565,-0.000003,-0.157211,0.000000,-0.154079,0.198650,0.967884,0.000000,0.031227,0.980070,-0.196180,0.000000,0.003101,2.961900,-0.000015,1.000000;;
      }

      Frame _17___arm1l {
       

       FrameTransformMatrix {
        0.981630,0.186939,-0.038154,0.000000,-0.002170,0.210901,0.977505,0.000000,0.190780,-0.959466,0.207432,0.000000,-0.000029,-0.000214,11.600028,1.000000;;
       }

       Frame _19___arm2l {
        

        FrameTransformMatrix {
         0.999968,0.000231,0.008000,0.000000,-0.000231,1.000000,-0.000000,0.000000,-0.008000,-0.000002,0.999968,0.000000,0.000000,0.000883,24.923126,1.000000;;
        }

        Frame _21___arm2tooll {
         

         FrameTransformMatrix {
          -0.000071,-0.999920,-0.012700,0.000000,-0.008004,0.012700,-0.999887,0.000000,0.999968,0.000030,-0.008004,0.000000,-0.145994,4.385759,12.630600,1.000000;;
         }

         Frame _21___arm2tooll_end {
          

          FrameTransformMatrix {
           1.000000,0.000000,-0.000000,0.000000,-0.000000,1.000000,0.000000,0.000000,0.000000,0.000000,1.000000,0.000000,0.000000,0.000000,1.000000,1.000000;;
          }
         }
        }

        Frame _22___handl {
         

         FrameTransformMatrix {
          0.000851,-1.000000,0.000000,0.000000,1.000000,0.000851,-0.000000,0.000000,0.000000,0.000000,1.000000,0.000000,-0.000317,0.000738,21.485512,1.000000;;
         }

         Frame _24___handtooll {
          

          FrameTransformMatrix {
           -0.999919,0.000922,0.012700,0.000000,-0.012730,-0.095151,-0.995382,0.000000,0.000290,-0.995463,0.095155,0.000000,0.776836,-0.823417,7.655960,1.000000;;
          }

          Frame _24___handtooll_end {
           

           FrameTransformMatrix {
            1.000000,-0.000000,0.000000,0.000000,0.000000,1.000000,0.000000,0.000000,-0.000000,0.000000,1.000000,0.000000,0.000000,0.000008,1.000009,1.000000;;
           }
          }
         }
        }
       }
      }
     }

     Frame _14__-clavicler {
      

      FrameTransformMatrix {
       -0.987565,0.000003,-0.157211,0.000000,0.154078,0.198650,-0.967883,0.000000,0.031227,-0.980071,-0.196180,0.000000,0.003102,-2.961900,-0.000015,1.000000;;
      }

      Frame _18___arm1r {
       

       FrameTransformMatrix {
        0.981630,-0.186939,-0.038154,0.000000,0.002169,0.210899,-0.977506,0.000000,0.190780,0.959466,0.207431,0.000000,-0.000139,0.000168,11.600023,1.000000;;
       }

       Frame _20___arm2r {
        

        FrameTransformMatrix {
         0.999968,-0.000231,0.008000,0.000000,0.000231,1.000000,0.000002,0.000000,-0.008000,0.000000,0.999968,0.000000,-0.000001,-0.000814,24.923141,1.000000;;
        }

        Frame _23___handr {
         

         FrameTransformMatrix {
          0.000851,1.000000,-0.000000,0.000000,-1.000000,0.000851,0.000000,0.000000,-0.000000,0.000000,1.000000,0.000000,-0.000318,-0.000740,21.485512,1.000000;;
         }

         Frame _25___handtoolr {
          

          FrameTransformMatrix {
           0.999919,0.000922,-0.012700,0.000000,-0.012730,0.095151,-0.995381,0.000000,0.000290,0.995462,0.095155,0.000000,0.776834,0.823317,7.655975,1.000000;;
          }

          Frame _25___handtoolr_end {
           

           FrameTransformMatrix {
            1.000000,0.000000,0.000000,0.000000,0.000000,1.000000,-0.000000,0.000000,-0.000000,0.000000,1.000000,0.000000,0.000000,0.000008,1.000009,1.000000;;
           }
          }
         }

         Frame _26___i0111 {
          

          FrameTransformMatrix {
           -0.793488,0.603535,0.078249,0.000000,0.070590,0.218980,-0.973173,0.000000,-0.604479,-0.766677,-0.216362,0.000000,8.015665,-2.848469,-43.843414,1.000000;;
          }

          Frame _26___i0111_end {
           

           FrameTransformMatrix {
            1.000000,0.000000,0.000000,0.000000,0.000000,1.000000,0.000000,0.000000,0.000000,0.000000,1.000000,0.000000,0.000001,0.000000,1.000023,1.000000;;
           }
          }
         }

         Frame _27___i0112 {
          

          FrameTransformMatrix {
           -0.486349,-0.801608,0.347690,0.000000,-0.629792,0.597427,0.496430,0.000000,-0.605662,0.022466,-0.795405,0.000000,-6.407808,-21.142883,-49.007690,1.000000;;
          }

          Frame _27___i0112_end {
           

           FrameTransformMatrix {
            1.000000,0.000000,0.000000,0.000000,-0.000000,1.000000,-0.000000,0.000000,-0.000000,-0.000000,1.000000,0.000000,0.000008,0.000008,1.000015,1.000000;;
           }
          }
         }

         Frame _28___i0113 {
          

          FrameTransformMatrix {
           -0.180966,0.938406,0.294356,0.000000,0.554638,0.344540,-0.757410,0.000000,-0.812175,0.026195,-0.582825,0.000000,-17.407293,-20.735254,-63.450957,1.000000;;
          }

          Frame _28___i0113_end {
           

           FrameTransformMatrix {
            1.000000,0.000000,-0.000000,0.000000,0.000000,1.000000,0.000000,0.000000,-0.000000,0.000000,1.000000,0.000000,0.000000,-0.000015,1.000008,1.000000;;
           }
          }
         }

         Frame _29___i0114 {
          

          FrameTransformMatrix {
           -0.244504,0.935846,0.253795,0.000000,-0.960104,-0.197024,-0.198448,0.000000,-0.135713,-0.292190,0.946682,0.000000,-20.129298,-21.568363,-62.195098,1.000000;;
          }

          Frame _29___i0114_end {
           

           FrameTransformMatrix {
            1.000000,0.000000,0.000000,0.000000,0.000000,1.000000,-0.000000,0.000000,-0.000000,0.000000,1.000000,0.000000,-0.000004,0.000000,1.000015,1.000000;;
           }
          }
         }

         Frame _30___i0115 {
          

          FrameTransformMatrix {
           -0.185033,0.943093,0.276294,0.000000,-0.658933,0.089522,-0.746855,0.000000,-0.729088,-0.320253,0.604871,0.000000,-22.326224,-21.251402,-64.451034,1.000000;;
          }

          Frame _30___i0115_end {
           

           FrameTransformMatrix {
            1.000000,0.000000,0.000000,0.000000,-0.000000,1.000000,-0.000000,0.000000,0.000000,0.000000,1.000000,0.000000,0.000000,0.000000,0.999992,1.000000;;
           }
          }
         }

         Frame _31___i0116 {
          

          FrameTransformMatrix {
           0.008105,0.943694,0.330721,0.000000,0.586734,0.263327,-0.765769,0.000000,-0.809739,0.200252,-0.551563,0.000000,-23.887094,-20.716469,-68.164198,1.000000;;
          }

          Frame _31___i0116_end {
           

           FrameTransformMatrix {
            1.000000,0.000000,-0.000000,0.000000,0.000000,1.000000,0.000000,0.000000,0.000000,-0.000000,1.000000,0.000000,0.000000,0.000000,1.000015,1.000000;;
           }
          }
         }

         Frame _32___i0117 {
          

          FrameTransformMatrix {
           -0.788054,-0.615571,-0.006529,0.000000,-0.137790,0.186716,-0.972703,0.000000,0.599986,-0.765643,-0.231962,0.000000,20.771626,-2.837106,-44.004912,1.000000;;
          }

          Frame _32___i0117_end {
           

           FrameTransformMatrix {
            1.000000,0.000000,0.000000,0.000000,0.000000,1.000000,0.000000,0.000000,-0.000000,-0.000000,1.000000,0.000000,0.000000,0.000000,1.000046,1.000000;;
           }
          }
         }

         Frame _33___i0118 {
          

          FrameTransformMatrix {
           0.496504,-0.800702,0.335203,0.000000,-0.641096,-0.598600,-0.480286,0.000000,0.585218,0.023566,-0.810533,0.000000,35.093216,-21.104902,-49.534272,1.000000;;
          }

          Frame _33___i0118_end {
           

           FrameTransformMatrix {
            1.000000,-0.000000,-0.000000,0.000000,0.000000,1.000000,-0.000000,0.000000,-0.000000,0.000000,1.000000,0.000000,-0.000004,0.000008,1.000015,1.000000;;
           }
          }
         }

         Frame _34___i0119 {
          

          FrameTransformMatrix {
           0.186704,0.938713,0.289758,0.000000,0.574309,-0.343587,0.743046,0.000000,0.797063,0.027681,-0.603261,0.000000,45.721757,-20.676822,-64.252870,1.000000;;
          }

          Frame _34___i0119_end {
           

           FrameTransformMatrix {
            1.000000,-0.000000,0.000000,0.000000,0.000000,1.000000,0.000000,0.000000,0.000000,-0.000000,1.000000,0.000000,-0.000004,0.000008,1.000015,1.000000;;
           }
          }
         }

         Frame _35___i0120 {
          

          FrameTransformMatrix {
           -0.001194,0.943578,0.331150,0.000000,0.606485,-0.262613,0.750474,0.000000,0.795094,0.201734,-0.571952,0.000000,52.079917,-20.646794,-69.128659,1.000000;;
          }

          Frame _35___i0120_end {
           

           FrameTransformMatrix {
            1.000000,-0.000000,0.000000,0.000000,0.000000,1.000000,0.000000,0.000000,-0.000000,-0.000000,1.000000,0.000000,0.000008,0.000008,1.000008,1.000000;;
           }
          }
         }

         Frame _36___i0121 {
          

          FrameTransformMatrix {
           0.189629,0.943352,0.272265,0.000000,-0.639775,-0.091631,0.763080,0.000000,0.744800,-0.318891,0.586157,0.000000,50.614739,-21.184725,-65.376755,1.000000;;
          }

          Frame _36___i0121_end {
           

           FrameTransformMatrix {
            1.000000,0.000000,0.000000,0.000000,-0.000000,1.000000,-0.000000,0.000000,-0.000000,0.000000,1.000000,0.000000,0.000008,-0.000015,0.999977,1.000000;;
           }
          }
         }

         Frame _37___i0122 {
          

          FrameTransformMatrix {
           0.248423,0.936448,0.247693,0.000000,-0.955304,0.194552,0.222583,0.000000,0.160248,-0.291917,0.942924,0.000000,48.476701,-21.504773,-63.066867,1.000000;;
          }

          Frame _37___i0122_end {
           

           FrameTransformMatrix {
            1.000000,-0.000000,0.000000,0.000000,0.000000,1.000000,-0.000000,0.000000,0.000000,0.000000,1.000000,0.000000,-0.000004,0.000000,1.000031,1.000000;;
           }
          }
         }

         Frame _38___i0123 {
          

          FrameTransformMatrix {
           -0.163449,0.914554,0.369966,0.000000,0.383218,-0.286704,0.878035,0.000000,0.909081,0.285292,-0.303612,0.000000,70.862157,-15.881547,-82.638074,1.000000;;
          }

          Frame _38___i0123_end {
           

           FrameTransformMatrix {
            1.000000,0.000000,0.000000,0.000000,-0.000000,1.000000,0.000000,0.000000,0.000000,-0.000000,1.000000,0.000000,0.000008,-0.000031,0.999977,1.000000;;
           }
          }
         }

         Frame _39___i0124 {
          

          FrameTransformMatrix {
           0.171336,0.915046,0.365150,0.000000,0.360154,0.286806,-0.887711,0.000000,-0.917024,0.283607,-0.280418,0.000000,-43.014739,-15.986093,-81.191878,1.000000;;
          }

          Frame _39___i0124_end {
           

           FrameTransformMatrix {
            1.000000,-0.000000,0.000000,0.000000,0.000000,1.000000,0.000000,0.000000,-0.000000,0.000000,1.000000,0.000000,0.000000,0.000000,0.999977,1.000000;;
           }
          }
         }

         Frame _40___i0125 {
          

          FrameTransformMatrix {
           -0.369478,0.860124,0.351672,0.000000,-0.927884,-0.361930,-0.089652,0.000000,0.050169,-0.359435,0.931821,0.000000,-26.487203,-25.157448,-62.101152,1.000000;;
          }

          Frame _40___i0125_end {
           

           FrameTransformMatrix {
            1.000000,-0.000000,0.000000,0.000000,-0.000000,1.000000,0.000000,0.000000,0.000000,-0.000000,1.000000,0.000000,0.000000,0.000000,0.999985,1.000000;;
           }
          }
         }

         Frame _41___i0126 {
          

          FrameTransformMatrix {
           -0.171329,0.929995,0.325201,0.000000,-0.754721,0.088281,-0.650079,0.000000,-0.633279,-0.356814,0.686762,0.000000,-29.059197,-24.574563,-63.947296,1.000000;;
          }

          Frame _41___i0126_end {
           

           FrameTransformMatrix {
            1.000000,0.000000,0.000000,0.000000,0.000000,1.000000,0.000000,0.000000,0.000000,-0.000000,1.000000,0.000000,-0.000008,-0.000015,1.000031,1.000000;;
           }
          }
         }

         Frame _42___i0127 {
          

          FrameTransformMatrix {
           -0.038755,0.841736,0.538497,0.000000,0.495695,0.484115,-0.721054,0.000000,-0.867631,0.238986,-0.436007,0.000000,-29.866099,-23.071677,-68.211334,1.000000;;
          }

          Frame _42___i0127_end {
           

           FrameTransformMatrix {
            1.000000,-0.000000,0.000000,0.000000,0.000000,1.000000,0.000000,0.000000,0.000000,-0.000000,1.000000,0.000000,-0.000008,-0.000008,1.000000,1.000000;;
           }
          }
         }

         Frame _43___i0128 {
          

          FrameTransformMatrix {
           0.589952,-0.687906,0.422780,0.000000,-0.624618,-0.720622,-0.300925,0.000000,0.511673,-0.086544,-0.854811,0.000000,40.728208,-21.570738,-47.604096,1.000000;;
          }

          Frame _43___i0128_end {
           

           FrameTransformMatrix {
            1.000000,0.000000,-0.000000,0.000000,0.000000,1.000000,0.000000,0.000000,-0.000000,0.000000,1.000000,0.000000,0.000002,0.000011,0.999970,1.000000;;
           }
          }
         }

         Frame _44___i0129 {
          

          FrameTransformMatrix {
           0.297132,0.835215,0.462741,0.000000,0.508299,-0.548612,0.663820,0.000000,0.808297,0.037969,-0.587549,0.000000,50.273734,-23.184774,-63.551648,1.000000;;
          }

          Frame _44___i0129_end {
           

           FrameTransformMatrix {
            1.000000,0.000000,0.000000,0.000000,-0.000000,1.000000,0.000000,0.000000,0.000000,-0.000000,1.000000,0.000000,-0.000008,0.000008,0.999954,1.000000;;
           }
          }
         }

         Frame _45___i0130 {
          

          FrameTransformMatrix {
           0.051099,0.841604,0.537672,0.000000,0.514721,-0.483556,0.707980,0.000000,0.855834,0.240574,-0.457900,0.000000,58.059930,-22.990670,-69.327546,1.000000;;
          }

          Frame _45___i0130_end {
           

           FrameTransformMatrix {
            1.000000,0.000000,0.000000,0.000000,-0.000000,1.000000,0.000000,0.000000,0.000000,-0.000000,1.000000,0.000000,0.000008,0.000008,0.999992,1.000000;;
           }
          }
         }

         Frame _46___i0131 {
          

          FrameTransformMatrix {
           0.177035,0.930221,0.321478,0.000000,-0.737987,-0.090648,0.668699,0.000000,0.651179,-0.355629,0.670443,0.000000,57.364851,-24.494645,-65.045517,1.000000;;
          }

          Frame _46___i0131_end {
           

           FrameTransformMatrix {
            1.000000,-0.000000,0.000000,0.000000,0.000000,1.000000,0.000000,0.000000,0.000000,-0.000000,1.000000,0.000000,0.000008,-0.000031,1.000023,1.000000;;
           }
          }
         }

         Frame _47___i0132 {
          

          FrameTransformMatrix {
           0.376172,0.861020,0.342257,0.000000,-0.926190,0.359725,0.113005,0.000000,-0.025819,-0.359504,0.932786,0.000000,54.841760,-25.082621,-63.134522,1.000000;;
          }

          Frame _47___i0132_end {
           

           FrameTransformMatrix {
            1.000000,0.000000,0.000000,0.000000,-0.000000,1.000000,0.000000,0.000000,0.000000,-0.000000,1.000000,0.000000,0.000004,0.000000,0.999985,1.000000;;
           }
          }
         }

         Frame _48___i0133 {
          

          FrameTransformMatrix {
           -0.577842,-0.688907,0.437615,0.000000,-0.618053,0.719549,0.316636,0.000000,-0.533018,-0.087504,-0.841567,0.000000,-11.991782,-21.618971,-46.933776,1.000000;;
          }

          Frame _48___i0133_end {
           

           FrameTransformMatrix {
            1.000000,0.000000,-0.000000,0.000000,0.000000,1.000000,-0.000000,0.000000,0.000000,-0.000000,1.000000,0.000000,-0.000008,0.000004,1.000076,1.000000;;
           }
          }
         }

         Frame _49___i0134 {
          

          FrameTransformMatrix {
           -0.286826,0.834676,0.470156,0.000000,0.490264,0.549533,-0.676502,0.000000,-0.823026,0.036462,-0.566832,0.000000,-21.935285,-23.251374,-62.635117,1.000000;;
          }

          Frame _49___i0134_end {
           

           FrameTransformMatrix {
            1.000000,0.000000,0.000000,0.000000,0.000000,1.000000,0.000000,0.000000,-0.000000,0.000000,1.000000,0.000000,-0.000008,0.000000,0.999970,1.000000;;
           }
          }
         }

         Frame _50___i0135 {
          

          FrameTransformMatrix {
           0.284532,0.770126,0.570918,0.000000,0.258161,0.511980,-0.819285,0.000000,-0.923252,0.380502,-0.053142,0.000000,-54.983827,-16.152389,-80.833299,1.000000;;
          }

          Frame _50___i0135_end {
           

           FrameTransformMatrix {
            1.000000,-0.000000,0.000000,0.000000,0.000000,1.000000,0.000000,0.000000,0.000000,0.000000,1.000000,0.000000,0.000000,0.000000,0.999931,1.000000;;
           }
          }
         }

         Frame _51___i0136 {
          

          FrameTransformMatrix {
           -0.271002,0.768956,0.579020,0.000000,0.280180,-0.512471,0.811710,0.000000,0.920900,0.382205,-0.076565,0.000000,82.836154,-16.025258,-82.583834,1.000000;;
          }

          Frame _51___i0136_end {
           

           FrameTransformMatrix {
            1.000000,-0.000000,0.000000,0.000000,0.000000,1.000000,0.000000,0.000000,0.000000,-0.000000,1.000000,0.000000,-0.000015,0.000000,0.999939,1.000000;;
           }
          }
         }

         Frame _52___i0137 {
          

          FrameTransformMatrix {
           0.737798,-0.648808,-0.186287,0.000000,-0.195709,-0.469721,0.860849,0.000000,-0.646028,-0.598674,-0.473536,0.000000,8.164225,-2.942305,-32.161437,1.000000;;
          }

          Frame _52___i0137_end {
           

           FrameTransformMatrix {
            1.000000,0.000000,-0.000000,0.000000,0.000000,1.000000,0.000000,0.000000,0.000000,0.000000,1.000000,0.000000,0.000002,0.000008,0.999970,1.000000;;
           }
          }
         }

         Frame _53___i0138 {
          

          FrameTransformMatrix {
           -0.742060,-0.648071,-0.171323,0.000000,-0.215063,0.472236,-0.854835,0.000000,0.634898,-0.597493,-0.489803,0.000000,20.920285,-2.929941,-32.322982,1.000000;;
          }

          Frame _53___i0138_end {
           

           FrameTransformMatrix {
            1.000000,0.000000,0.000000,0.000000,-0.000000,1.000000,-0.000000,0.000000,0.000000,0.000000,1.000000,0.000000,-0.000002,0.000008,0.999977,1.000000;;
           }
          }
         }

         Frame _54___i1001 {
          

          FrameTransformMatrix {
           0.991978,-0.000197,0.126406,0.000000,-0.000821,0.999968,0.008000,0.000000,-0.126404,-0.008040,0.991946,0.000000,-0.093290,1.378876,-4.213463,1.000000;;
          }

          Frame _54___i1001_end {
           

           FrameTransformMatrix {
            1.000000,0.000000,-0.000000,0.000000,0.000000,1.000000,0.000000,0.000000,-0.000000,0.000000,1.000000,0.000000,0.000004,-0.000000,1.000023,1.000000;;
           }
          }
         }

         Frame _55___i1002 {
          

          FrameTransformMatrix {
           0.990763,0.001898,-0.135591,0.000000,-0.000821,0.999968,0.008000,0.000000,0.135602,-0.007815,0.990733,0.000000,30.097389,1.403299,-4.168694,1.000000;;
          }

          Frame _55___i1002_end {
           

           FrameTransformMatrix {
            1.000000,0.000000,0.000000,0.000000,0.000000,1.000000,0.000000,0.000000,0.000000,0.000000,1.000000,0.000000,0.000000,0.000000,1.000000,1.000000;;
           }
          }
         }

         Frame _56___i1003 {
          

          FrameTransformMatrix {
           -0.000994,-0.988670,-0.150107,0.000000,0.999919,0.000922,-0.012699,0.000000,0.012694,-0.150107,0.988588,0.000000,14.863317,-10.638378,-7.558395,1.000000;;
          }

          Frame _56___i1003_end {
           

           FrameTransformMatrix {
            1.000000,0.000000,-0.000000,0.000000,0.000000,1.000000,0.000000,0.000000,0.000000,-0.000000,1.000000,0.000000,-0.000002,0.000000,0.999962,1.000000;;
           }
          }
         }

         Frame _57___i1004 {
          

          FrameTransformMatrix {
           -0.000876,-0.990022,-0.140914,0.000000,0.999919,0.000922,-0.012700,0.000000,0.012703,-0.140913,0.989940,0.000000,15.539069,-18.029400,45.109587,1.000000;;
          }

          Frame _57___i1004_end {
           

           FrameTransformMatrix {
            1.000000,0.000000,0.000000,0.000000,0.000000,1.000000,-0.000000,0.000000,-0.000000,0.000000,1.000000,0.000000,0.000000,0.000000,0.999977,1.000000;;
           }
          }
         }

         Frame _58___i1005 {
          

          FrameTransformMatrix {
           0.996221,0.000123,0.086857,0.000000,-0.000821,0.999968,0.008000,0.000000,-0.086853,-0.008041,0.996189,0.000000,-5.453444,0.974837,45.740342,1.000000;;
          }

          Frame _58___i1005_end {
           

           FrameTransformMatrix {
            1.000000,0.000000,0.000000,0.000000,0.000000,1.000000,0.000000,0.000000,0.000000,0.000000,1.000000,0.000000,0.000000,0.000000,0.999958,1.000000;;
           }
          }
         }

         Frame _59___i1006 {
          

          FrameTransformMatrix {
           0.992734,0.001777,-0.120311,0.000000,-0.000821,0.999968,0.008000,0.000000,0.120321,-0.007843,0.992704,0.000000,36.514118,1.008401,45.850934,1.000000;;
          }

          Frame _59___i1006_end {
           

           FrameTransformMatrix {
            1.000000,0.000000,0.000000,0.000000,0.000000,1.000000,-0.000000,0.000000,0.000000,0.000000,1.000000,0.000000,0.000004,0.000000,1.000027,1.000000;;
           }
          }
         }

         Frame _60___i1007 {
          

          FrameTransformMatrix {
           -0.000696,-0.991924,-0.126831,0.000000,0.999919,0.000922,-0.012700,0.000000,0.012714,-0.126829,0.991843,0.000000,15.215046,-14.796947,19.832490,1.000000;;
          }

          Frame _60___i1007_end {
           

           FrameTransformMatrix {
            1.000000,0.000000,0.000000,0.000000,0.000000,1.000000,0.000000,0.000000,-0.000000,-0.000000,1.000000,0.000000,0.000002,0.000000,0.999985,1.000000;;
           }
          }
         }

         Frame _61___i1008 {
          

          FrameTransformMatrix {
           0.996151,0.000116,0.087648,0.000000,-0.000821,0.999968,0.008000,0.000000,-0.087644,-0.008041,0.996119,0.000000,-3.208374,1.180731,20.234405,1.000000;;
          }

          Frame _61___i1008_end {
           

           FrameTransformMatrix {
            1.000000,0.000000,0.000000,0.000000,-0.000000,1.000000,-0.000000,0.000000,0.000000,0.000000,1.000000,0.000000,0.000000,0.000000,1.000031,1.000000;;
           }
          }
         }

         Frame _62___i1009 {
          

          FrameTransformMatrix {
           0.992843,0.001770,-0.119410,0.000000,-0.000821,0.999968,0.008000,0.000000,0.119421,-0.007845,0.992813,0.000000,33.401862,1.212790,19.983506,1.000000;;
          }

          Frame _62___i1009_end {
           

           FrameTransformMatrix {
            1.000000,0.000000,0.000000,0.000000,0.000000,1.000000,0.000000,0.000000,0.000000,0.000000,1.000000,0.000000,0.000002,0.000000,1.000015,1.000000;;
           }
          }
         }

         Frame _63___i1010 {
          

          FrameTransformMatrix {
           -0.000739,-0.991484,-0.130227,0.000000,0.999919,0.000922,-0.012700,0.000000,0.012712,-0.130225,0.991403,0.000000,14.518507,-11.525087,-34.771178,1.000000;;
          }

          Frame _63___i1010_end {
           

           FrameTransformMatrix {
            1.000000,0.000000,0.000000,0.000000,-0.000000,1.000000,-0.000000,0.000000,0.000000,-0.000000,1.000000,0.000000,0.000000,0.000000,0.999992,1.000000;;
           }
          }
         }

         Frame _64___i1011 {
          

          FrameTransformMatrix {
           -0.000615,-0.992708,-0.120542,0.000000,0.999919,0.000922,-0.012700,0.000000,0.012719,-0.120540,0.992627,0.000000,14.910688,-15.541582,-4.184891,1.000000;;
          }

          Frame _64___i1011_end {
           

           FrameTransformMatrix {
            1.000000,-0.000000,0.000000,0.000000,0.000000,1.000000,0.000000,0.000000,0.000000,0.000000,1.000000,0.000000,0.000000,0.000000,0.999977,1.000000;;
           }
          }
         }

         Frame _65___i1012 {
          

          FrameTransformMatrix {
           -0.000761,-0.991260,-0.131922,0.000000,0.999919,0.000923,-0.012701,0.000000,0.012711,-0.131921,0.991179,0.000000,15.336699,-19.579448,29.063568,1.000000;;
          }

          Frame _65___i1012_end {
           

           FrameTransformMatrix {
            1.000000,0.000000,0.000000,0.000000,0.000000,1.000000,-0.000000,0.000000,0.000000,-0.000000,1.000000,0.000000,0.000004,0.000000,1.000027,1.000000;;
           }
          }
         }

         Frame _66___i1013 {
          

          FrameTransformMatrix {
           0.999725,0.001007,-0.023399,0.000000,-0.000820,0.999968,0.007999,0.000000,0.023406,-0.007978,0.999694,0.000000,14.691202,12.790463,-6.636421,1.000000;;
          }

          Frame _66___i1013_end {
           

           FrameTransformMatrix {
            1.000000,-0.000000,-0.000000,0.000000,-0.000000,1.000000,0.000000,0.000000,-0.000000,0.000000,1.000000,0.000000,-0.000000,0.000000,0.999962,1.000000;;
           }
          }
         }

         Frame _67___i1014 {
          

          FrameTransformMatrix {
           0.999725,0.001007,-0.023399,0.000000,-0.000820,0.999968,0.007999,0.000000,0.023406,-0.007978,0.999694,0.000000,15.210970,12.595077,17.839760,1.000000;;
          }

          Frame _67___i1014_end {
           

           FrameTransformMatrix {
            1.000000,-0.000000,-0.000000,0.000000,0.000000,1.000000,0.000000,0.000000,0.000000,0.000000,1.000000,0.000000,0.000000,0.000000,0.999954,1.000000;;
           }
          }
         }

         Frame _68___j1001 {
          

          FrameTransformMatrix {
           -0.016807,0.007984,-0.999827,0.000000,-0.999858,-0.001156,0.016798,0.000000,-0.001021,0.999967,0.008002,0.000000,1.142486,-0.626240,7.544746,1.000000;;
          }

          Frame _68___j1001_end {
           

           FrameTransformMatrix {
            1.000000,-0.000000,0.000000,0.000000,0.000000,1.000000,0.000000,0.000000,0.000000,0.000000,1.000000,0.000000,0.000000,0.000000,1.000000,1.000000;;
           }
          }
         }

         Frame _69___j1002 {
          

          FrameTransformMatrix {
           -0.012708,0.008385,-0.999884,0.000000,-0.999918,-0.001123,0.012699,0.000000,-0.001016,0.999964,0.008398,0.000000,1.132031,12.112650,7.646652,1.000000;;
          }

          Frame _69___j1002_end {
           

           FrameTransformMatrix {
            1.000000,-0.000000,0.000000,0.000000,0.000000,1.000000,0.000000,0.000000,0.000000,-0.000000,1.000000,0.000000,0.000000,0.000000,1.000001,1.000000;;
           }
          }
         }

         Frame _70___j1003 {
          

          FrameTransformMatrix {
           -0.009708,0.008292,-0.999918,0.000000,-0.999951,-0.001798,0.009693,0.000000,-0.001717,0.999964,0.008309,0.000000,1.119584,26.991158,7.778992,1.000000;;
          }

          Frame _70___j1003_end {
           

           FrameTransformMatrix {
            1.000000,0.000000,0.000000,0.000000,0.000000,1.000000,-0.000000,0.000000,0.000000,-0.000000,1.000000,0.000000,0.000008,0.000001,1.000002,1.000000;;
           }
          }
         }

         Frame _71___j1004 {
          

          FrameTransformMatrix {
           -0.018906,0.007981,-0.999789,0.000000,-0.999820,-0.001172,0.018897,0.000000,-0.001021,0.999967,0.008002,0.000000,1.107053,42.047786,7.909530,1.000000;;
          }

          Frame _71___j1004_end {
           

           FrameTransformMatrix {
            1.000000,-0.000000,0.000000,0.000000,-0.000000,1.000000,0.000000,0.000000,-0.000000,-0.000000,1.000000,0.000000,0.000000,0.000001,1.000000,1.000000;;
           }
          }
         }

         Frame _72___j1005 {
          

          FrameTransformMatrix {
           -0.010008,0.008289,-0.999915,0.000000,-0.999949,-0.001100,0.009999,0.000000,-0.001017,0.999965,0.008300,0.000000,1.094800,56.837152,8.034561,1.000000;;
          }

          Frame _72___j1005_end {
           

           FrameTransformMatrix {
            1.000000,0.000000,0.000000,0.000000,-0.000000,1.000000,-0.000000,0.000000,0.000000,0.000000,1.000000,0.000000,0.000000,0.000000,0.999996,1.000000;;
           }
          }
         }

         Frame _73___j1006 {
          

          FrameTransformMatrix {
           -0.003608,0.007999,-0.999961,0.000000,-0.999993,-0.001050,0.003600,0.000000,-0.001021,0.999968,0.008002,0.000000,1.082617,71.715744,8.155998,1.000000;;
          }

          Frame _73___j1006_end {
           

           FrameTransformMatrix {
            1.000000,-0.000000,-0.000000,0.000000,-0.000000,1.000000,0.000000,0.000000,-0.000000,-0.000000,1.000000,0.000000,0.000008,0.000000,1.000000,1.000000;;
           }
          }
         }

         Frame _74___j1007 {
          

          FrameTransformMatrix {
           -0.009208,0.008389,-0.999923,0.000000,-0.999957,-0.001093,0.009199,0.000000,-0.001016,0.999965,0.008399,0.000000,1.070314,86.683379,8.274650,1.000000;;
          }

          Frame _74___j1007_end {
           

           FrameTransformMatrix {
            1.000000,0.000000,-0.000000,0.000000,-0.000000,1.000000,-0.000000,0.000000,0.000000,0.000000,1.000000,0.000000,-0.000008,0.000000,1.000000,1.000000;;
           }
          }
         }

         Frame _75___j1008 {
          

          FrameTransformMatrix {
           -0.020606,0.008376,-0.999753,0.000000,-0.999787,-0.001189,0.020597,0.000000,-0.001016,0.999965,0.008398,0.000000,1.058088,101.561894,8.392471,1.000000;;
          }

          Frame _75___j1008_end {
           

           FrameTransformMatrix {
            1.000000,0.000000,0.000000,0.000000,0.000000,1.000000,0.000000,0.000000,0.000000,0.000000,1.000000,0.000000,0.000000,0.000000,1.000000,1.000000;;
           }
          }
         }

         Frame _76___j1009 {
          

          FrameTransformMatrix {
           -0.010107,0.007889,-0.999918,0.000000,-0.999949,-0.000202,0.010106,0.000000,-0.000122,0.999969,0.007891,0.000000,1.045875,116.440525,8.511498,1.000000;;
          }

          Frame _76___j1009_end {
           

           FrameTransformMatrix {
            1.000000,0.000000,0.000000,0.000000,-0.000000,1.000000,-0.000000,0.000000,-0.000000,0.000000,1.000000,0.000000,-0.000015,0.000000,1.000000,1.000000;;
           }
          }
         }

         Frame _77___j1010 {
          

          FrameTransformMatrix {
           -0.010107,0.007890,-0.999918,0.000000,-0.999949,-0.000302,0.010105,0.000000,-0.000223,0.999969,0.007893,0.000000,1.033588,131.408154,8.631249,1.000000;;
          }

          Frame _77___j1010_end {
           

           FrameTransformMatrix {
            1.000000,-0.000000,-0.000000,0.000000,0.000000,1.000000,0.000000,0.000000,0.000000,0.000000,1.000000,0.000000,-0.000015,0.000002,1.000000,1.000000;;
           }
          }
         }

         Frame _78___j1011 {
          

          FrameTransformMatrix {
           -0.010107,0.007693,-0.999920,0.000000,-0.999948,-0.000702,0.010102,0.000000,-0.000625,0.999971,0.007700,0.000000,1.021448,146.197568,8.749565,1.000000;;
          }

          Frame _78___j1011_end {
           

           FrameTransformMatrix {
            1.000000,0.000000,0.000000,0.000000,0.000000,1.000000,0.000000,0.000000,0.000000,0.000000,1.000000,0.000000,0.000015,-0.000003,1.000000,1.000000;;
           }
          }
         }

         Frame _79___j1012 {
          

          FrameTransformMatrix {
           -0.010708,0.008387,-0.999907,0.000000,-0.999942,-0.001106,0.010699,0.000000,-0.001016,0.999965,0.008398,0.000000,1.009204,161.111770,8.868874,1.000000;;
          }

          Frame _79___j1012_end {
           

           FrameTransformMatrix {
            1.000000,-0.000000,0.000000,0.000000,-0.000000,1.000000,-0.000000,0.000000,0.000000,0.000000,1.000000,0.000000,-0.000008,-0.000001,0.999985,1.000000;;
           }
          }
         }

         Frame _80___j1013 {
          

          FrameTransformMatrix {
           -0.010407,0.007890,-0.999915,0.000000,-0.999946,-0.000305,0.010405,0.000000,-0.000222,0.999969,0.007893,0.000000,0.997023,175.954662,8.987618,1.000000;;
          }

          Frame _80___j1013_end {
           

           FrameTransformMatrix {
            1.000000,0.000000,0.000000,0.000000,0.000000,1.000000,0.000000,0.000000,0.000000,0.000000,1.000000,0.000000,-0.000023,0.000000,1.000000,1.000000;;
           }
          }
         }

         Frame _81___j1014 {
          

          FrameTransformMatrix {
           -0.020699,-0.000022,-0.999786,0.000000,-0.999785,-0.000922,0.020699,0.000000,-0.000923,1.000000,-0.000003,0.000000,0.985247,190.298675,9.102379,1.000000;;
          }

          Frame _81___j1014_end {
           

           FrameTransformMatrix {
            1.000000,0.000000,0.000000,0.000000,0.000000,1.000000,-0.000000,0.000000,0.000000,-0.000000,1.000000,0.000000,0.000000,0.000000,1.000015,1.000000;;
           }
          }
         }
        }
       }
      }
     }
    }
   }

   Frame _6___leg1l {
    

    FrameTransformMatrix {
     0.999943,-0.000000,-0.022205,0.000000,-0.000000,-1.000000,0.000000,0.000000,-0.022201,-0.000000,-0.999754,0.000000,-0.000000,6.246401,0.000008,1.000000;;
    }

    Frame _10___leg2l {
     

     FrameTransformMatrix {
