xof 0303txt 0032
template ColorRGBA {
 <35ff44e0-6c7c-11cf-8f52-0040333594a3>
 FLOAT red;
 FLOAT green;
 FLOAT blue;
 FLOAT alpha;
}

template ColorRGB {
 <d3e16e81-7835-11cf-8f52-0040333594a3>
 FLOAT red;
 FLOAT green;
 FLOAT blue;
}

template Material {
 <3d82ab4d-62da-11cf-ab39-0020af71e433>
 ColorRGBA faceColor;
 FLOAT power;
 ColorRGB specularColor;
 ColorRGB emissiveColor;
 [...]
}

template TextureFilename {
 <a42790e1-7810-11cf-8f52-0040333594a3>
 STRING filename;
}

template Frame {
 <3d82ab46-62da-11cf-ab39-0020af71e433>
 [...]
}

template Matrix4x4 {
 <f6f23f45-7686-11cf-8f52-0040333594a3>
 array FLOAT matrix[16];
}

template FrameTransformMatrix {
 <f6f23f41-7686-11cf-8f52-0040333594a3>
 Matrix4x4 frameMatrix;
}

template Vector {
 <3d82ab5e-62da-11cf-ab39-0020af71e433>
 FLOAT x;
 FLOAT y;
 FLOAT z;
}

template MeshFace {
 <3d82ab5f-62da-11cf-ab39-0020af71e433>
 DWORD nFaceVertexIndices;
 array DWORD faceVertexIndices[nFaceVertexIndices];
}

template Mesh {
 <3d82ab44-62da-11cf-ab39-0020af71e433>
 DWORD nVertices;
 array Vector vertices[nVertices];
 DWORD nFaces;
 array MeshFace faces[nFaces];
 [...]
}

template MeshNormals {
 <f6f23f43-7686-11cf-8f52-0040333594a3>
 DWORD nNormals;
 array Vector normals[nNormals];
 DWORD nFaceNormals;
 array MeshFace faceNormals[nFaceNormals];
}

template MeshMaterialList {
 <f6f23f42-7686-11cf-8f52-0040333594a3>
 DWORD nMaterials;
 DWORD nFaceIndexes;
 array DWORD faceIndexes[nFaceIndexes];
 [Material <3d82ab4d-62da-11cf-ab39-0020af71e433>]
}

template Coords2d {
 <f6f23f44-7686-11cf-8f52-0040333594a3>
 FLOAT u;
 FLOAT v;
}

template MeshTextureCoords {
 <f6f23f40-7686-11cf-8f52-0040333594a3>
 DWORD nTextureCoords;
 array Coords2d textureCoords[nTextureCoords];
}

template XSkinMeshHeader {
 <3cf169ce-ff7c-44ab-93c0-f78f62d172e2>
 WORD nMaxSkinWeightsPerVertex;
 WORD nMaxSkinWeightsPerFace;
 WORD nBones;
}

template SkinWeights {
 <6f0d123b-bad2-4167-a0d0-80224f25fabb>
 STRING transformNodeName;
 DWORD nWeights;
 array DWORD vertexIndices[nWeights];
 array FLOAT weights[nWeights];
 Matrix4x4 matrixOffset;
}

template AnimTicksPerSecond {
 <9e415a43-7ba6-4a73-8743-b73d47e88476>
 DWORD AnimTicksPerSecond;
}

template Animation {
 <3d82ab4f-62da-11cf-ab39-0020af71e433>
 [...]
}

template AnimationSet {
 <3d82ab50-62da-11cf-ab39-0020af71e433>
 [Animation <3d82ab4f-62da-11cf-ab39-0020af71e433>]
}

template FloatKeys {
 <10dd46a9-775b-11cf-8f52-0040333594a3>
 DWORD nValues;
 array FLOAT values[nValues];
}

template TimedFloatKeys {
 <f406b180-7b3b-11cf-8f52-0040333594a3>
 DWORD time;
 FloatKeys tfkeys;
}

template AnimationKey {
 <10dd46a8-775b-11cf-8f52-0040333594a3>
 DWORD keyType;
 DWORD nKeys;
 array TimedFloatKeys keys[nKeys];
}


Material female_c4_sao_asuna_m {
 0.640000;0.640000;0.640000;0.200000;;
 32.642128;
 0.025000;0.025000;0.025000;;
 0.000000;0.000000;0.000000;;

 TextureFilename {
  "female_c4_sao_asuna_c.dds";
 }
}

Material female_c4_sao_asuna_c {
 0.640000;0.640000;0.640000;0.200000;;
 32.642128;
 0.025000;0.025000;0.025000;;
 0.000000;0.000000;0.000000;;

 TextureFilename {
  "female_c4_sao_asuna_c.dds";
 }
}

Frame ARM_female_framework {
 

 FrameTransformMatrix {
  39.370080,0.000000,0.000000,0.000000,0.000000,39.370080,0.000005,0.000000,0.000000,-0.000005,39.370080,0.000000,0.000000,0.000000,0.000000,1.000000;;
 }

 Frame _0__-com {
  

  FrameTransformMatrix {
   1.000000,0.000000,0.000000,0.000000,0.000000,-0.000000,1.000000,0.000000,0.000000,-1.000000,-0.000000,0.000000,-0.000000,-0.000000,107.704486,1.000000;;
  }

  Frame _1___body {
   

   FrameTransformMatrix {
    0.000055,0.000118,0.999999,0.000000,0.999999,0.000055,-0.000055,0.000000,-0.000055,0.999999,-0.000118,0.000000,0.000000,0.000000,-3.651901,1.000000;;
   }

   Frame _3___bodytooll {
    

    FrameTransformMatrix {
     0.000002,-0.999985,0.000005,0.000000,-0.775487,0.000001,0.631340,0.000000,-0.631333,-0.000005,-0.775478,0.000000,-0.533599,15.718096,3.686905,1.000000;;
    }

    Frame _3___bodytooll_end {
     

     FrameTransformMatrix {
      1.000000,0.000000,0.000000,0.000000,-0.000000,1.000000,0.000000,0.000000,-0.000000,0.000000,1.000000,0.000000,-0.000001,0.000000,0.999970,1.000000;;
     }
    }
   }

   Frame _4___bodytoolr {
    

    FrameTransformMatrix {
     0.000002,-0.999985,0.000005,0.000000,-0.785304,0.000001,0.619086,0.000000,-0.619079,-0.000005,-0.785296,0.000000,-0.533599,-15.718099,3.686905,1.000000;;
    }

    Frame _4___bodytoolr_end {
     

     FrameTransformMatrix {
      1.000000,-0.000000,-0.000000,0.000000,0.000000,1.000000,0.000000,0.000000,0.000000,-0.000000,1.000000,0.000000,-0.000001,0.000008,0.999977,1.000000;;
     }
    }
   }

   Frame _5___chest {
    

    FrameTransformMatrix {
     0.972561,0.000000,0.232648,0.000000,-0.000000,1.000000,-0.000000,0.000000,-0.232648,0.000000,0.972561,0.000000,-0.021200,-0.000000,9.548782,1.000000;;
    }

    Frame _8___backtool {
     

     FrameTransformMatrix {
      -0.064997,-0.939670,-0.335796,0.000000,-0.935834,-0.059395,0.347348,0.000000,-0.346338,0.336827,-0.875518,0.000000,-8.741097,-5.451800,27.625731,1.000000;;
     }

     Frame _8___backtool_end {
      

      FrameTransformMatrix {
       1.000000,0.000000,-0.000000,0.000000,-0.000000,1.000000,0.000000,0.000000,-0.000000,0.000000,1.000000,0.000000,0.000000,0.000000,0.999954,1.000000;;
      }
     }
    }

    Frame _9__-neck {
     

     FrameTransformMatrix {
      0.987691,-0.000000,-0.156415,0.000000,-0.000000,1.000000,-0.000000,0.000000,0.156415,0.000000,0.987691,0.000000,-0.002531,0.000000,27.340928,1.000000;;
     }

     Frame _12___head {
      

      FrameTransformMatrix {
       0.996983,-0.000000,-0.077622,0.000000,-0.000000,1.000000,-0.000000,0.000000,0.077622,0.000000,0.996983,0.000000,0.000100,-0.000000,3.869964,1.000000;;
      }

      Frame _12___head_end {
       

       FrameTransformMatrix {
        1.000000,0.000000,0.000000,0.000000,-0.000000,1.000000,-0.000000,0.000000,-0.000000,-0.000000,1.000000,0.000000,-0.000001,0.000000,1.000000,1.000000;;
       }
      }
     }

     Frame _13__-claviclel {
      

      FrameTransformMatrix {
       -0.982146,0.104481,-0.156427,0.000000,-0.111299,0.347640,0.930998,0.000000,0.151652,0.931788,-0.329805,0.000000,0.003115,2.222700,0.000046,1.000000;;
      }

      Frame _17___arm1l {
       

       FrameTransformMatrix {
        0.944809,0.312996,-0.096802,0.000000,-0.055507,0.444120,0.894246,0.000000,0.322887,-0.839518,0.436982,0.000000,-0.000214,-0.000259,10.800068,1.000000;;
       }

       Frame _19___arm2l {
        

        FrameTransformMatrix {
         0.984986,0.000000,0.172631,0.000000,0.000000,1.000000,-0.000000,0.000000,-0.172631,0.000000,0.984987,0.000000,0.000351,-0.000933,24.922669,1.000000;;
        }

        Frame _21___arm2tooll {
         

         FrameTransformMatrix {
          -0.000175,-0.999968,-0.012687,0.000000,-0.007945,0.012688,-0.999935,0.000000,1.000017,-0.000075,-0.007946,0.000000,-0.146319,4.385197,12.631050,1.000000;;
         }

         Frame _21___arm2tooll_end {
          

          FrameTransformMatrix {
           1.000000,-0.000000,-0.000000,0.000000,0.000000,1.000000,0.000000,0.000000,-0.000000,0.000000,1.000000,0.000000,0.000000,0.000000,1.000000,1.000000;;
          }
         }
        }

        Frame _22___handl {
         

         FrameTransformMatrix {
          0.000796,-1.000000,0.000000,0.000000,1.000000,0.000796,-0.000000,0.000000,0.000000,-0.000000,1.000000,0.000000,-0.001010,-0.000565,21.485810,1.000000;;
         }

         Frame _24___handtooll {
          

          FrameTransformMatrix {
           -0.999951,0.000909,0.012687,0.000000,-0.012716,-0.095167,-0.995398,0.000000,0.000303,-0.995476,0.095171,0.000000,0.777269,-0.823532,7.656197,1.000000;;
          }

          Frame _24___handtooll_end {
           

           FrameTransformMatrix {
            1.000000,-0.000000,0.000000,0.000000,0.000000,1.000000,0.000000,0.000000,0.000000,-0.000000,1.000000,0.000000,0.000006,0.000000,1.000010,1.000000;;
           }
          }
         }
        }
       }
      }
     }

     Frame _14__-clavicler {
      

      FrameTransformMatrix {
       -0.982149,-0.104481,-0.156427,0.000000,0.111299,0.347640,-0.930999,0.000000,0.151652,-0.931789,-0.329806,0.000000,0.003114,-2.222700,0.000046,1.000000;;
      }

      Frame _18___arm1r {
       

       FrameTransformMatrix {
        0.944808,-0.312996,-0.096802,0.000000,0.055507,0.444119,-0.894246,0.000000,0.322887,0.839518,0.436981,0.000000,-0.000216,0.000229,10.800068,1.000000;;
       }

       Frame _20___arm2r {
        

        FrameTransformMatrix {
         0.984987,-0.000000,0.172631,0.000000,0.000000,1.000000,-0.000000,0.000000,-0.172631,-0.000000,0.984986,0.000000,0.000355,0.000935,24.922730,1.000000;;
        }

        Frame _23___handr {
         

         FrameTransformMatrix {
          0.000794,1.000006,-0.000036,0.000000,-1.000006,0.000794,0.000024,0.000000,0.000024,0.000036,1.000000,0.000000,-0.001015,0.000568,21.485802,1.000000;;
         }

         Frame _25___handtoolr {
          

          FrameTransformMatrix {
           0.999919,0.000909,-0.012687,0.000000,-0.012716,0.095151,-0.995396,0.000000,0.000303,0.995477,0.095155,0.000000,0.777252,0.823647,7.656166,1.000000;;
          }

          Frame _25___handtoolr_end {
           

           FrameTransformMatrix {
            1.000000,-0.000000,0.000000,0.000000,-0.000000,1.000000,0.000000,0.000000,0.000000,0.000000,1.000000,0.000000,-0.000002,0.000008,1.000008,1.000000;;
           }
          }
         }

         Frame _26___i0111 {
          

          FrameTransformMatrix {
           -0.793488,0.603535,0.078249,0.000000,0.070588,0.218978,-0.973173,0.000000,-0.604479,-0.766677,-0.216358,0.000000,6.491406,-2.818741,-43.915642,1.000000;;
          }

          Frame _26___i0111_end {
           

           FrameTransformMatrix {
            1.000000,-0.000000,0.000000,0.000000,-0.000000,1.000000,-0.000000,0.000000,0.000000,0.000000,1.000000,0.000000,-0.000001,0.000000,1.000023,1.000000;;
           }
          }
         }

         Frame _27___i0112 {
          

          FrameTransformMatrix {
           -0.486350,-0.801609,0.347689,0.000000,-0.629793,0.597427,0.496429,0.000000,-0.605660,0.022466,-0.795406,0.000000,-7.932079,-21.113168,-49.079872,1.000000;;
          }

          Frame _27___i0112_end {
           

           FrameTransformMatrix {
            1.000000,0.000000,0.000000,0.000000,-0.000000,1.000000,0.000000,0.000000,-0.000000,-0.000000,1.000000,0.000000,-0.000002,0.000000,1.000015,1.000000;;
           }
          }
         }

         Frame _28___i0113 {
          

          FrameTransformMatrix {
           -0.180967,0.938406,0.294355,0.000000,0.554639,0.344540,-0.757409,0.000000,-0.812174,0.026195,-0.582826,0.000000,-18.931576,-20.705536,-63.523219,1.000000;;
          }

          Frame _28___i0113_end {
           

           FrameTransformMatrix {
            1.000000,0.000000,-0.000000,0.000000,0.000000,1.000000,0.000000,0.000000,0.000000,0.000000,1.000000,0.000000,0.000000,-0.000008,1.000000,1.000000;;
           }
          }
         }

         Frame _29___i0114 {
          

          FrameTransformMatrix {
           -0.244503,0.935846,0.253791,0.000000,-0.960104,-0.197023,-0.198451,0.000000,-0.135716,-0.292188,0.946682,0.000000,-21.653565,-21.538638,-62.267341,1.000000;;
          }

          Frame _29___i0114_end {
           

           FrameTransformMatrix {
            1.000000,-0.000000,0.000000,0.000000,0.000000,1.000000,-0.000000,0.000000,-0.000000,-0.000000,1.000000,0.000000,0.000000,0.000000,1.000000,1.000000;;
           }
          }
         }

         Frame _30___i0115 {
          

          FrameTransformMatrix {
           -0.185029,0.943095,0.276291,0.000000,-0.658943,0.089518,-0.746847,0.000000,-0.729081,-0.320248,0.604882,0.000000,-23.850494,-21.221691,-64.523354,1.000000;;
          }

          Frame _30___i0115_end {
           

           FrameTransformMatrix {
            1.000000,0.000000,-0.000000,0.000000,0.000000,1.000000,0.000000,0.000000,0.000000,-0.000000,1.000000,0.000000,-0.000004,-0.000031,0.999996,1.000000;;
           }
          }
         }

         Frame _31___i0116 {
          

          FrameTransformMatrix {
           0.008048,0.943669,0.330792,0.000000,0.586741,0.263415,-0.765734,0.000000,-0.809735,0.200251,-0.551569,0.000000,-25.411381,-20.686733,-68.236461,1.000000;;
          }

          Frame _31___i0116_end {
           

           FrameTransformMatrix {
            1.000000,0.000000,-0.000000,0.000000,0.000000,1.000000,-0.000000,0.000000,0.000000,-0.000000,1.000000,0.000000,0.000000,0.000015,1.000046,1.000000;;
           }
          }
         }

         Frame _32___i0117 {
          

          FrameTransformMatrix {
           -0.788056,-0.615569,-0.006528,0.000000,-0.137786,0.186710,-0.972705,0.000000,0.599986,-0.765646,-0.231955,0.000000,19.247373,-2.807372,-44.077142,1.000000;;
          }

          Frame _32___i0117_end {
           

           FrameTransformMatrix {
            1.000000,0.000000,-0.000000,0.000000,0.000000,1.000000,0.000000,0.000000,-0.000000,0.000000,1.000000,0.000000,0.000001,0.000000,1.000042,1.000000;;
           }
          }
         }

         Frame _33___i0118 {
          

          FrameTransformMatrix {
           0.496502,-0.800702,0.335207,0.000000,-0.641095,-0.598600,-0.480287,0.000000,0.585221,0.023564,-0.810532,0.000000,33.568963,-21.075171,-49.606515,1.000000;;
          }

          Frame _33___i0118_end {
           

           FrameTransformMatrix {
            1.000000,-0.000000,-0.000000,0.000000,-0.000000,1.000000,0.000000,0.000000,0.000000,-0.000000,1.000000,0.000000,-0.000008,0.000000,1.000023,1.000000;;
           }
          }
         }

         Frame _34___i0119 {
          

          FrameTransformMatrix {
           0.186710,0.938713,0.289755,0.000000,0.574318,-0.343587,0.743039,0.000000,0.797056,0.027679,-0.603271,0.000000,44.197501,-20.647083,-64.325050,1.000000;;
          }

          Frame _34___i0119_end {
           

           FrameTransformMatrix {
            1.000000,0.000000,0.000000,0.000000,0.000000,1.000000,0.000000,0.000000,0.000000,0.000000,1.000000,0.000000,0.000000,-0.000008,1.000031,1.000000;;
           }
          }
         }

         Frame _35___i0120 {
          

          FrameTransformMatrix {
           -0.001194,0.943578,0.331150,0.000000,0.606480,-0.262613,0.750477,0.000000,0.795098,0.201732,-0.571947,0.000000,50.555664,-20.617064,-69.200858,1.000000;;
          }

          Frame _35___i0120_end {
           

           FrameTransformMatrix {
            1.000000,0.000000,0.000000,0.000000,0.000000,1.000000,-0.000000,0.000000,-0.000000,0.000000,1.000000,0.000000,0.000000,-0.000008,1.000023,1.000000;;
           }
          }
         }

         Frame _36___i0121 {
          

          FrameTransformMatrix {
           0.189628,0.943352,0.272265,0.000000,-0.639778,-0.091630,0.763078,0.000000,0.744799,-0.318890,0.586161,0.000000,49.090496,-21.155003,-65.448922,1.000000;;
          }

          Frame _36___i0121_end {
           

           FrameTransformMatrix {
            1.000000,0.000000,-0.000000,0.000000,-0.000000,1.000000,-0.000000,0.000000,-0.000000,-0.000000,1.000000,0.000000,-0.000004,0.000000,0.999992,1.000000;;
           }
          }
         }

         Frame _37___i0122 {
          

          FrameTransformMatrix {
           0.248423,0.936448,0.247691,0.000000,-0.955303,0.194549,0.222590,0.000000,0.160257,-0.291916,0.942922,0.000000,46.952454,-21.475051,-63.139059,1.000000;;
          }

          Frame _37___i0122_end {
           

           FrameTransformMatrix {
            1.000000,0.000000,0.000000,0.000000,-0.000000,1.000000,0.000000,0.000000,0.000000,0.000000,1.000000,0.000000,-0.000008,0.000011,1.000031,1.000000;;
           }
          }
         }

         Frame _38___i0123 {
          

          FrameTransformMatrix {
           -0.163455,0.914552,0.369969,0.000000,0.383216,-0.286706,0.878035,0.000000,0.909081,0.285297,-0.303607,0.000000,69.337926,-15.851816,-82.710272,1.000000;;
          }

          Frame _38___i0123_end {
           

           FrameTransformMatrix {
            1.000000,0.000000,-0.000000,0.000000,0.000000,1.000000,0.000000,0.000000,0.000000,-0.000000,1.000000,0.000000,0.000015,0.000015,0.999947,1.000000;;
           }
          }
         }

         Frame _39___i0124 {
          

          FrameTransformMatrix {
           0.171338,0.915046,0.365150,0.000000,0.360157,0.286805,-0.887710,0.000000,-0.917022,0.283610,-0.280420,0.000000,-44.539037,-15.956371,-81.264166,1.000000;;
          }

          Frame _39___i0124_end {
           

           FrameTransformMatrix {
            1.000000,-0.000000,-0.000000,0.000000,0.000000,1.000000,-0.000000,0.000000,0.000000,0.000000,1.000000,0.000000,0.000008,0.000015,0.999977,1.000000;;
           }
          }
         }

         Frame _40___i0125 {
          

          FrameTransformMatrix {
           -0.369479,0.860123,0.351672,0.000000,-0.927884,-0.361931,-0.089651,0.000000,0.050171,-0.359435,0.931821,0.000000,-28.011482,-25.127723,-62.173395,1.000000;;
          }

          Frame _40___i0125_end {
           

           FrameTransformMatrix {
            1.000000,0.000000,0.000000,0.000000,0.000000,1.000000,-0.000000,0.000000,0.000000,0.000000,1.000000,0.000000,0.000008,0.000015,0.999939,1.000000;;
           }
          }
         }

         Frame _41___i0126 {
          

          FrameTransformMatrix {
           -0.171331,0.929994,0.325203,0.000000,-0.754718,0.088283,-0.650082,0.000000,-0.633283,-0.356816,0.686757,0.000000,-30.583472,-24.544838,-64.019584,1.000000;;
          }

          Frame _41___i0126_end {
           

           FrameTransformMatrix {
            1.000000,0.000000,-0.000000,0.000000,-0.000000,1.000000,-0.000000,0.000000,0.000000,0.000000,1.000000,0.000000,-0.000008,-0.000015,1.000042,1.000000;;
           }
          }
         }

         Frame _42___i0127 {
          

          FrameTransformMatrix {
           -0.038761,0.841737,0.538495,0.000000,0.495700,0.484114,-0.721052,0.000000,-0.867629,0.238983,-0.436013,0.000000,-31.390387,-23.041942,-68.283578,1.000000;;
          }

          Frame _42___i0127_end {
           

           FrameTransformMatrix {
            1.000000,-0.000000,0.000000,0.000000,-0.000000,1.000000,0.000000,0.000000,0.000000,-0.000000,1.000000,0.000000,0.000000,-0.000008,1.000023,1.000000;;
           }
          }
         }

         Frame _43___i0128 {
          

          FrameTransformMatrix {
           0.589973,-0.687908,0.422747,0.000000,-0.624630,-0.720621,-0.300903,0.000000,0.511634,-0.086536,-0.854835,0.000000,39.203965,-21.541005,-47.676278,1.000000;;
          }

          Frame _43___i0128_end {
           

           FrameTransformMatrix {
            1.000000,0.000000,-0.000000,0.000000,0.000000,1.000000,0.000000,0.000000,0.000000,-0.000000,1.000000,0.000000,-0.000004,0.000000,1.000069,1.000000;;
           }
          }
         }

         Frame _44___i0129 {
          

          FrameTransformMatrix {
           0.297131,0.835215,0.462741,0.000000,0.508296,-0.548612,0.663822,0.000000,0.808299,0.037967,-0.587546,0.000000,48.749491,-23.155040,-63.623866,1.000000;;
          }

          Frame _44___i0129_end {
           

           FrameTransformMatrix {
            1.000000,0.000000,-0.000000,0.000000,0.000000,1.000000,-0.000000,0.000000,0.000000,0.000000,1.000000,0.000000,0.000000,-0.000008,0.999962,1.000000;;
           }
          }
         }

         Frame _45___i0130 {
          

          FrameTransformMatrix {
           0.051101,0.841604,0.537672,0.000000,0.514718,-0.483558,0.707981,0.000000,0.855835,0.240571,-0.457900,0.000000,56.535680,-22.960949,-69.399712,1.000000;;
          }

          Frame _45___i0130_end {
           

           FrameTransformMatrix {
            1.000000,-0.000000,0.000000,0.000000,-0.000000,1.000000,0.000000,0.000000,0.000000,0.000000,1.000000,0.000000,-0.000008,0.000008,1.000008,1.000000;;
           }
          }
         }

         Frame _46___i0131 {
          

          FrameTransformMatrix {
           0.177035,0.930221,0.321478,0.000000,-0.737989,-0.090647,0.668697,0.000000,0.651177,-0.355630,0.670445,0.000000,55.840602,-24.464917,-65.117715,1.000000;;
          }

          Frame _46___i0131_end {
           

           FrameTransformMatrix {
            1.000000,-0.000000,0.000000,0.000000,0.000000,1.000000,0.000000,0.000000,-0.000000,-0.000000,1.000000,0.000000,0.000000,0.000000,1.000031,1.000000;;
           }
          }
         }

         Frame _47___i0132 {
          

          FrameTransformMatrix {
           0.376172,0.861018,0.342261,0.000000,-0.926190,0.359725,0.113003,0.000000,-0.025823,-0.359507,0.932785,0.000000,53.317501,-25.052899,-63.206720,1.000000;;
          }

          Frame _47___i0132_end {
           

           FrameTransformMatrix {
            1.000000,0.000000,-0.000000,0.000000,0.000000,1.000000,0.000000,0.000000,0.000000,-0.000000,1.000000,0.000000,-0.000008,-0.000004,1.000000,1.000000;;
           }
          }
         }

         Frame _48___i0133 {
          

          FrameTransformMatrix {
           -0.577841,-0.688907,0.437617,0.000000,-0.618053,0.719549,0.316637,0.000000,-0.533020,-0.087504,-0.841565,0.000000,-13.516056,-21.589248,-47.006003,1.000000;;
          }

          Frame _48___i0133_end {
           

           FrameTransformMatrix {
            1.000000,-0.000000,-0.000000,0.000000,-0.000000,1.000000,-0.000000,0.000000,0.000000,-0.000000,1.000000,0.000000,-0.000006,0.000008,1.000061,1.000000;;
           }
          }
         }

         Frame _49___i0134 {
          

          FrameTransformMatrix {
           -0.286823,0.834676,0.470157,0.000000,0.490261,0.549533,-0.676504,0.000000,-0.823029,0.036462,-0.566828,0.000000,-23.459549,-23.221656,-62.707392,1.000000;;
          }

          Frame _49___i0134_end {
           

           FrameTransformMatrix {
            1.000000,0.000000,0.000000,0.000000,-0.000000,1.000000,0.000000,0.000000,-0.000000,0.000000,1.000000,0.000000,0.000000,-0.000008,0.999985,1.000000;;
           }
          }
         }

         Frame _50___i0135 {
          

          FrameTransformMatrix {
           0.284532,0.770126,0.570918,0.000000,0.258161,0.511980,-0.819285,0.000000,-0.923252,0.380502,-0.053142,0.000000,-56.508083,-16.122677,-80.905587,1.000000;;
          }

          Frame _50___i0135_end {
           

           FrameTransformMatrix {
            1.000000,0.000000,0.000000,0.000000,-0.000000,1.000000,0.000000,0.000000,0.000000,0.000000,1.000000,0.000000,0.000015,0.000008,0.999916,1.000000;;
           }
          }
         }

         Frame _51___i0136 {
          

          FrameTransformMatrix {
           -0.270999,0.768957,0.579021,0.000000,0.280177,-0.512472,0.811710,0.000000,0.920902,0.382201,-0.076565,0.000000,81.311904,-15.995525,-82.655923,1.000000;;
          }

          Frame _51___i0136_end {
           

           FrameTransformMatrix {
            1.000000,-0.000000,-0.000000,0.000000,0.000000,1.000000,0.000000,0.000000,-0.000000,-0.000000,1.000000,0.000000,0.000000,-0.000015,0.999943,1.000000;;
           }
          }
         }

         Frame _52___i0137 {
          

          FrameTransformMatrix {
           0.737798,-0.648808,-0.186286,0.000000,-0.195709,-0.469720,0.860849,0.000000,-0.646028,-0.598675,-0.473537,0.000000,6.639959,-2.912580,-32.233664,1.000000;;
          }

          Frame _52___i0137_end {
           

           FrameTransformMatrix {
            1.000000,-0.000000,0.000000,0.000000,0.000000,1.000000,-0.000000,0.000000,0.000000,0.000000,1.000000,0.000000,0.000001,0.000000,0.999985,1.000000;;
           }
          }
         }

         Frame _53___i0138 {
          

          FrameTransformMatrix {
           -0.742061,-0.648069,-0.171322,0.000000,-0.215065,0.472237,-0.854833,0.000000,0.634896,-0.597493,-0.489806,0.000000,19.396032,-2.900214,-32.395181,1.000000;;
          }

          Frame _53___i0138_end {
           

           FrameTransformMatrix {
            1.000000,0.000000,-0.000000,0.000000,0.000000,1.000000,-0.000000,0.000000,-0.000000,0.000000,1.000000,0.000000,0.000000,0.000000,0.999977,1.000000;;
           }
          }
         }

         Frame _54___i1001 {
          

          FrameTransformMatrix {
           0.991979,-0.000197,0.126406,0.000000,-0.000821,0.999968,0.008000,0.000000,-0.126404,-0.008039,0.991946,0.000000,-1.617559,1.408600,-4.285698,1.000000;;
          }

          Frame _54___i1001_end {
           

           FrameTransformMatrix {
            1.000000,-0.000000,0.000000,0.000000,0.000000,1.000000,-0.000000,0.000000,-0.000000,0.000000,1.000000,0.000000,0.000000,0.000000,1.000008,1.000000;;
           }
          }
         }

         Frame _55___i1002 {
          

          FrameTransformMatrix {
           0.990763,0.001898,-0.135591,0.000000,-0.000821,0.999968,0.008000,0.000000,0.135602,-0.007815,0.990733,0.000000,28.573133,1.433030,-4.240883,1.000000;;
          }

          Frame _55___i1002_end {
           

           FrameTransformMatrix {
            1.000000,-0.000000,0.000000,0.000000,-0.000000,1.000000,0.000000,0.000000,0.000000,0.000000,1.000000,0.000000,0.000000,0.000000,0.999992,1.000000;;
           }
          }
         }

         Frame _56___i1003 {
          

          FrameTransformMatrix {
           -0.000995,-0.988669,-0.150108,0.000000,0.999919,0.000922,-0.012700,0.000000,0.012695,-0.150108,0.988588,0.000000,13.339060,-10.608648,-7.630592,1.000000;;
          }

          Frame _56___i1003_end {
           

           FrameTransformMatrix {
            1.000000,0.000000,-0.000000,0.000000,0.000000,1.000000,0.000000,0.000000,0.000000,-0.000000,1.000000,0.000000,0.000000,0.000002,0.999970,1.000000;;
           }
          }
         }

         Frame _57___i1004 {
          

          FrameTransformMatrix {
           -0.000877,-0.990021,-0.140916,0.000000,0.999919,0.000922,-0.012700,0.000000,0.012703,-0.140916,0.989940,0.000000,14.014811,-17.999662,45.037376,1.000000;;
          }

          Frame _57___i1004_end {
           

           FrameTransformMatrix {
            1.000000,0.000000,-0.000000,0.000000,0.000000,1.000000,0.000000,0.000000,-0.000000,0.000000,1.000000,0.000000,0.000002,-0.000001,0.999989,1.000000;;
           }
          }
         }

         Frame _58___i1005 {
          

          FrameTransformMatrix {
           0.996221,0.000123,0.086857,0.000000,-0.000821,0.999968,0.008000,0.000000,-0.086853,-0.008041,0.996189,0.000000,-6.977707,1.004554,45.668122,1.000000;;
          }

          Frame _58___i1005_end {
           

           FrameTransformMatrix {
            1.000000,0.000000,-0.000000,0.000000,0.000000,1.000000,0.000000,0.000000,0.000000,-0.000000,1.000000,0.000000,0.000000,0.000000,0.999966,1.000000;;
           }
          }
         }

         Frame _59___i1006 {
          

          FrameTransformMatrix {
           0.992734,0.001777,-0.120314,0.000000,-0.000821,0.999968,0.008000,0.000000,0.120324,-0.007843,0.992704,0.000000,34.989859,1.038124,45.778771,1.000000;;
          }

          Frame _59___i1006_end {
           

           FrameTransformMatrix {
            1.000000,0.000000,0.000000,0.000000,0.000000,1.000000,0.000000,0.000000,-0.000000,0.000000,1.000000,0.000000,-0.000001,0.000000,1.000019,1.000000;;
           }
          }
         }

         Frame _60___i1007 {
          

          FrameTransformMatrix {
           -0.000696,-0.991924,-0.126831,0.000000,0.999919,0.000922,-0.012699,0.000000,0.012714,-0.126829,0.991843,0.000000,13.690786,-14.767218,19.760307,1.000000;;
          }

          Frame _60___i1007_end {
           

           FrameTransformMatrix {
            1.000000,0.000000,0.000000,0.000000,0.000000,1.000000,-0.000000,0.000000,0.000000,0.000000,1.000000,0.000000,-0.000002,-0.000002,0.999970,1.000000;;
           }
          }
         }

         Frame _61___i1008 {
          

          FrameTransformMatrix {
           0.996151,0.000116,0.087648,0.000000,-0.000821,0.999968,0.008000,0.000000,-0.087644,-0.008041,0.996119,0.000000,-4.732639,1.210457,20.162155,1.000000;;
          }

          Frame _61___i1008_end {
           

           FrameTransformMatrix {
            1.000000,-0.000000,-0.000000,0.000000,0.000000,1.000000,0.000000,0.000000,-0.000000,0.000000,1.000000,0.000000,-0.000004,0.000001,1.000038,1.000000;;
           }
          }
         }

         Frame _62___i1009 {
          

          FrameTransformMatrix {
           0.992843,0.001770,-0.119414,0.000000,-0.000821,0.999968,0.008000,0.000000,0.119424,-0.007844,0.992812,0.000000,31.877606,1.242516,19.911301,1.000000;;
          }

          Frame _62___i1009_end {
           

           FrameTransformMatrix {
            1.000000,0.000000,0.000000,0.000000,0.000000,1.000000,-0.000000,0.000000,-0.000000,-0.000000,1.000000,0.000000,0.000000,0.000000,1.000023,1.000000;;
           }
          }
         }

         Frame _63___i1010 {
          

          FrameTransformMatrix {
           -0.000739,-0.991484,-0.130225,0.000000,0.999919,0.000922,-0.012701,0.000000,0.012713,-0.130224,0.991403,0.000000,12.994246,-11.495360,-34.843376,1.000000;;
          }

          Frame _63___i1010_end {
           

           FrameTransformMatrix {
            1.000000,0.000000,0.000000,0.000000,0.000000,1.000000,-0.000000,0.000000,0.000000,-0.000000,1.000000,0.000000,-0.000004,0.000002,1.000008,1.000000;;
           }
          }
         }

         Frame _64___i1011 {
          

          FrameTransformMatrix {
           -0.000615,-0.992708,-0.120542,0.000000,0.999919,0.000922,-0.012700,0.000000,0.012719,-0.120540,0.992627,0.000000,13.386430,-15.511843,-4.257095,1.000000;;
          }

          Frame _64___i1011_end {
           

           FrameTransformMatrix {
            1.000000,0.000000,-0.000000,0.000000,0.000000,1.000000,0.000000,0.000000,0.000000,-0.000000,1.000000,0.000000,-0.000002,-0.000002,0.999962,1.000000;;
           }
          }
         }

         Frame _65___i1012 {
          

          FrameTransformMatrix {
           -0.000761,-0.991260,-0.131922,0.000000,0.999919,0.000922,-0.012700,0.000000,0.012710,-0.131921,0.991179,0.000000,13.812442,-19.549725,28.991382,1.000000;;
          }

          Frame _65___i1012_end {
           

           FrameTransformMatrix {
            1.000000,0.000000,0.000000,0.000000,0.000000,1.000000,-0.000000,0.000000,0.000000,-0.000000,1.000000,0.000000,0.000002,-0.000002,1.000011,1.000000;;
           }
          }
         }

         Frame _66___i1013 {
          

          FrameTransformMatrix {
           0.999726,0.001007,-0.023399,0.000000,-0.000820,0.999968,0.008000,0.000000,0.023406,-0.007979,0.999694,0.000000,13.166945,12.820189,-6.708656,1.000000;;
          }

          Frame _66___i1013_end {
           

           FrameTransformMatrix {
            1.000000,0.000000,-0.000000,0.000000,-0.000000,1.000000,0.000000,0.000000,0.000000,0.000000,1.000000,0.000000,-0.000001,0.000000,0.999962,1.000000;;
           }
          }
         }

         Frame _67___i1014 {
          

          FrameTransformMatrix {
           0.999726,0.001007,-0.023399,0.000000,-0.000820,0.999968,0.008000,0.000000,0.023406,-0.007979,0.999694,0.000000,13.686710,12.624800,17.767547,1.000000;;
          }

          Frame _67___i1014_end {
           

           FrameTransformMatrix {
            1.000000,0.000000,-0.000000,0.000000,0.000000,1.000000,0.000000,0.000000,0.000000,0.000000,1.000000,0.000000,-0.000001,0.000000,0.999954,1.000000;;
           }
          }
         }

         Frame _68___j1001 {
          

          FrameTransformMatrix {
           -0.016807,0.007985,-0.999827,0.000000,-0.999858,-0.001156,0.016798,0.000000,-0.001021,0.999967,0.008003,0.000000,1.142494,-0.626144,7.544838,1.000000;;
          }

          Frame _68___j1001_end {
           

           FrameTransformMatrix {
            1.000000,-0.000000,0.000000,0.000000,-0.000000,1.000000,0.000000,0.000000,0.000000,0.000000,1.000000,0.000000,0.000008,0.000000,1.000002,1.000000;;
           }
          }
         }

         Frame _69___j1002 {
          

          FrameTransformMatrix {
           -0.012708,0.008386,-0.999884,0.000000,-0.999919,-0.001123,0.012699,0.000000,-0.001016,0.999964,0.008400,0.000000,1.132034,12.112746,7.646744,1.000000;;
          }

          Frame _69___j1002_end {
           

           FrameTransformMatrix {
            1.000000,-0.000000,-0.000000,0.000000,0.000000,1.000000,0.000000,0.000000,0.000000,0.000000,1.000000,0.000000,-0.000008,0.000000,1.000001,1.000000;;
           }
          }
         }

         Frame _70___j1003 {
          

          FrameTransformMatrix {
           -0.009708,0.008292,-0.999918,0.000000,-0.999951,-0.001798,0.009693,0.000000,-0.001717,0.999964,0.008309,0.000000,1.119690,26.991251,7.778969,1.000000;;
          }

          Frame _70___j1003_end {
           

           FrameTransformMatrix {
            1.000000,0.000000,0.000000,0.000000,0.000000,1.000000,0.000000,0.000000,0.000000,0.000000,1.000000,0.000000,0.000000,0.000002,1.000002,1.000000;;
           }
          }
         }

         Frame _71___j1004 {
          

          FrameTransformMatrix {
           -0.018906,0.007982,-0.999789,0.000000,-0.999821,-0.001173,0.018898,0.000000,-0.001021,0.999967,0.008002,0.000000,1.107060,42.047885,7.909630,1.000000;;
          }

          Frame _71___j1004_end {
           

           FrameTransformMatrix {
            1.000000,-0.000000,0.000000,0.000000,0.000000,1.000000,-0.000000,0.000000,0.000000,-0.000000,1.000000,0.000000,0.000008,0.000000,1.000004,1.000000;;
           }
          }
         }

         Frame _72___j1005 {
          

          FrameTransformMatrix {
           -0.010008,0.008289,-0.999916,0.000000,-0.999950,-0.001100,0.009999,0.000000,-0.001017,0.999965,0.008300,0.000000,1.094803,56.837254,8.034668,1.000000;;
          }

          Frame _72___j1005_end {
           

           FrameTransformMatrix {
            1.000000,-0.000000,-0.000000,0.000000,0.000000,1.000000,0.000000,0.000000,-0.000000,-0.000000,1.000000,0.000000,0.000000,0.000000,1.000004,1.000000;;
           }
          }
         }

         Frame _73___j1006 {
          

          FrameTransformMatrix {
           -0.003608,0.007999,-0.999961,0.000000,-0.999993,-0.001050,0.003599,0.000000,-0.001021,0.999967,0.008003,0.000000,1.082619,71.715770,8.155960,1.000000;;
          }

          Frame _73___j1006_end {
           

           FrameTransformMatrix {
            1.000000,-0.000000,-0.000000,0.000000,-0.000000,1.000000,0.000000,0.000000,-0.000000,-0.000000,1.000000,0.000000,0.000008,-0.000002,0.999992,1.000000;;
           }
          }
         }

         Frame _74___j1007 {
          

          FrameTransformMatrix {
           -0.009208,0.008390,-0.999923,0.000000,-0.999957,-0.001093,0.009199,0.000000,-0.001016,0.999964,0.008400,0.000000,1.070316,86.683482,8.274613,1.000000;;
          }

          Frame _74___j1007_end {
           

           FrameTransformMatrix {
            1.000000,-0.000000,0.000000,0.000000,-0.000000,1.000000,-0.000000,0.000000,0.000000,-0.000000,1.000000,0.000000,-0.000015,0.000002,1.000000,1.000000;;
           }
          }
         }

         Frame _75___j1008 {
          

          FrameTransformMatrix {
           -0.020607,0.008376,-0.999753,0.000000,-0.999787,-0.001189,0.020597,0.000000,-0.001016,0.999964,0.008399,0.000000,1.058098,101.561997,8.392555,1.000000;;
          }

          Frame _75___j1008_end {
           

           FrameTransformMatrix {
            1.000000,-0.000000,-0.000000,0.000000,0.000000,1.000000,0.000000,0.000000,0.000000,0.000000,1.000000,0.000000,0.000008,0.000000,1.000000,1.000000;;
           }
          }
         }

         Frame _76___j1009 {
          

          FrameTransformMatrix {
           -0.010107,0.007890,-0.999918,0.000000,-0.999949,-0.000202,0.010106,0.000000,-0.000122,0.999969,0.007891,0.000000,1.045883,116.440525,8.511574,1.000000;;
          }

          Frame _76___j1009_end {
           

           FrameTransformMatrix {
            1.000000,0.000000,0.000000,0.000000,0.000000,1.000000,0.000000,0.000000,0.000000,0.000000,1.000000,0.000000,-0.000008,-0.000002,1.000000,1.000000;;
           }
          }
         }

         Frame _77___j1010 {
          

          FrameTransformMatrix {
           -0.010108,0.007891,-0.999918,0.000000,-0.999949,-0.000302,0.010106,0.000000,-0.000223,0.999969,0.007893,0.000000,1.033590,131.408230,8.631332,1.000000;;
          }

          Frame _77___j1010_end {
           

           FrameTransformMatrix {
            1.000000,0.000000,-0.000000,0.000000,0.000000,1.000000,0.000000,0.000000,0.000000,0.000000,1.000000,0.000000,0.000008,0.000000,1.000008,1.000000;;
           }
          }
         }

         Frame _78___j1011 {
          

          FrameTransformMatrix {
           -0.010107,0.007693,-0.999919,0.000000,-0.999949,-0.000702,0.010102,0.000000,-0.000624,0.999971,0.007700,0.000000,1.021446,146.197658,8.749642,1.000000;;
          }

          Frame _78___j1011_end {
           

           FrameTransformMatrix {
            1.000000,-0.000000,-0.000000,0.000000,0.000000,1.000000,0.000000,0.000000,0.000000,0.000000,1.000000,0.000000,0.000000,0.000000,0.999985,1.000000;;
           }
          }
         }

         Frame _79___j1012 {
          

          FrameTransformMatrix {
           -0.010708,0.008388,-0.999908,0.000000,-0.999942,-0.001106,0.010699,0.000000,-0.001016,0.999964,0.008399,0.000000,1.009218,161.111846,8.868958,1.000000;;
          }

          Frame _79___j1012_end {
           

           FrameTransformMatrix {
            1.000000,-0.000000,0.000000,0.000000,-0.000000,1.000000,0.000000,0.000000,-0.000000,-0.000000,1.000000,0.000000,-0.000008,0.000002,1.000015,1.000000;;
           }
          }
         }

         Frame _80___j1013 {
          

          FrameTransformMatrix {
           -0.010408,0.007890,-0.999915,0.000000,-0.999946,-0.000305,0.010405,0.000000,-0.000222,0.999969,0.007893,0.000000,0.997025,175.954701,8.987702,1.000000;;
          }

          Frame _80___j1013_end {
           

           FrameTransformMatrix {
            1.000000,-0.000000,-0.000000,0.000000,0.000000,1.000000,0.000000,0.000000,0.000000,0.000000,1.000000,0.000000,0.000015,0.000000,0.999970,1.000000;;
           }
          }
         }

         Frame _81___j1014 {
          

          FrameTransformMatrix {
           -0.020699,-0.000022,-0.999786,0.000000,-0.999785,-0.000922,0.020699,0.000000,-0.000923,1.000000,-0.000003,0.000000,0.985254,190.298726,9.102462,1.000000;;
          }

          Frame _81___j1014_end {
           

           FrameTransformMatrix {
            1.000000,-0.000000,0.000000,0.000000,0.000000,1.000000,0.000000,0.000000,0.000000,0.000000,1.000000,0.000000,0.000000,-0.000002,1.000031,1.000000;;
           }
          }
         }

         Frame _82___k0001 {
          

          FrameTransformMatrix {
           -0.000786,0.999911,0.007999,0.000000,0.999897,0.000887,-0.012678,0.000000,-0.012685,0.007989,-0.999888,0.000000,12.732344,-0.285781,-52.547965,1.000000;;
          }

          Frame _82___k0001_end {
           

           FrameTransformMatrix {
            1.000000,0.000000,-0.000000,0.000000,0.000000,1.000000,-0.000000,0.000000,0.000000,-0.000000,1.000000,0.000000,0.000002,0.000000,0.999985,1.000000;;
           }
          }
         }

         Frame _83___k0002 {
          

          FrameTransformMatrix {
