xof 0303txt 0032
template ColorRGBA {
 <35ff44e0-6c7c-11cf-8f52-0040333594a3>
 FLOAT red;
 FLOAT green;
 FLOAT blue;
 FLOAT alpha;
}

template ColorRGB {
 <d3e16e81-7835-11cf-8f52-0040333594a3>
 FLOAT red;
 FLOAT green;
 FLOAT blue;
}

template Material {
 <3d82ab4d-62da-11cf-ab39-0020af71e433>
 ColorRGBA faceColor;
 FLOAT power;
 ColorRGB specularColor;
 ColorRGB emissiveColor;
 [...]
}

template TextureFilename {
 <a42790e1-7810-11cf-8f52-0040333594a3>
 STRING filename;
}

template Frame {
 <3d82ab46-62da-11cf-ab39-0020af71e433>
 [...]
}

template Matrix4x4 {
 <f6f23f45-7686-11cf-8f52-0040333594a3>
 array FLOAT matrix[16];
}

template FrameTransformMatrix {
 <f6f23f41-7686-11cf-8f52-0040333594a3>
 Matrix4x4 frameMatrix;
}

template Vector {
 <3d82ab5e-62da-11cf-ab39-0020af71e433>
 FLOAT x;
 FLOAT y;
 FLOAT z;
}

template MeshFace {
 <3d82ab5f-62da-11cf-ab39-0020af71e433>
 DWORD nFaceVertexIndices;
 array DWORD faceVertexIndices[nFaceVertexIndices];
}

template Mesh {
 <3d82ab44-62da-11cf-ab39-0020af71e433>
 DWORD nVertices;
 array Vector vertices[nVertices];
 DWORD nFaces;
 array MeshFace faces[nFaces];
 [...]
}

template MeshNormals {
 <f6f23f43-7686-11cf-8f52-0040333594a3>
 DWORD nNormals;
 array Vector normals[nNormals];
 DWORD nFaceNormals;
 array MeshFace faceNormals[nFaceNormals];
}

template MeshMaterialList {
 <f6f23f42-7686-11cf-8f52-0040333594a3>
 DWORD nMaterials;
 DWORD nFaceIndexes;
 array DWORD faceIndexes[nFaceIndexes];
 [Material <3d82ab4d-62da-11cf-ab39-0020af71e433>]
}

template Coords2d {
 <f6f23f44-7686-11cf-8f52-0040333594a3>
 FLOAT u;
 FLOAT v;
}

template MeshTextureCoords {
 <f6f23f40-7686-11cf-8f52-0040333594a3>
 DWORD nTextureCoords;
 array Coords2d textureCoords[nTextureCoords];
}

template XSkinMeshHeader {
 <3cf169ce-ff7c-44ab-93c0-f78f62d172e2>
 WORD nMaxSkinWeightsPerVertex;
 WORD nMaxSkinWeightsPerFace;
 WORD nBones;
}

template SkinWeights {
 <6f0d123b-bad2-4167-a0d0-80224f25fabb>
 STRING transformNodeName;
 DWORD nWeights;
 array DWORD vertexIndices[nWeights];
 array FLOAT weights[nWeights];
 Matrix4x4 matrixOffset;
}

template Animation {
 <3d82ab4f-62da-11cf-ab39-0020af71e433>
 [...]
}

template AnimationSet {
 <3d82ab50-62da-11cf-ab39-0020af71e433>
 [Animation <3d82ab4f-62da-11cf-ab39-0020af71e433>]
}

template FloatKeys {
 <10dd46a9-775b-11cf-8f52-0040333594a3>
 DWORD nValues;
 array FLOAT values[nValues];
}

template TimedFloatKeys {
 <f406b180-7b3b-11cf-8f52-0040333594a3>
 DWORD time;
 FloatKeys tfkeys;
}

template AnimationKey {
 <10dd46a8-775b-11cf-8f52-0040333594a3>
 DWORD keyType;
 DWORD nKeys;
 array TimedFloatKeys keys[nKeys];
}


Material morrighan_skin {
 0.640000;0.640000;0.640000;0.200000;;
 32.642128;
 0.025000;0.025000;0.025000;;
 0.000000;0.000000;0.000000;;

 TextureFilename {
  "morrighan_skin.dds";
 }
}

Material morrighan_wing {
 0.640000;0.640000;0.640000;0.200000;;
 32.642128;
 0.025000;0.025000;0.025000;;
 0.000000;0.000000;0.000000;;

 TextureFilename {
  "morrighan_wing.dds";
 }
}

Material morrighan_metal_01 {
 0.640000;0.640000;0.640000;0.200000;;
 32.642128;
 0.025000;0.025000;0.025000;;
 0.000000;0.000000;0.000000;;

 TextureFilename {
  "morrighan_metal_01.dds";
 }
}

Material morrighan_cloth_01 {
 0.640000;0.640000;0.640000;0.200000;;
 32.642128;
 0.025000;0.025000;0.025000;;
 0.000000;0.000000;0.000000;;

 TextureFilename {
  "morrighan_cloth_01.dds";
 }
}

Material morrighan_hair {
 0.640000;0.640000;0.640000;0.200000;;
 32.642128;
 0.025000;0.025000;0.025000;;
 0.000000;0.000000;0.000000;;

 TextureFilename {
  "morrighan_hair.dds";
 }
}

Material morrighaneye01_eye_add {
 0.640000;0.640000;0.640000;0.200000;;
 32.642128;
 0.025000;0.025000;0.025000;;
 0.000000;0.000000;0.000000;;

 TextureFilename {
  "morrighaneye01_eye_add.dds";
 }
}

Material morrighaneye01_eye {
 0.640000;0.640000;0.640000;0.200000;;
 32.642128;
 0.025000;0.025000;0.025000;;
 0.000000;0.000000;0.000000;;

 TextureFilename {
  "morrighaneye01_eye.dds";
 }
}

Material morrighaneye01_skin {
 0.640000;0.640000;0.640000;0.200000;;
 32.642128;
 0.025000;0.025000;0.025000;;
 0.000000;0.000000;0.000000;;

 TextureFilename {
  "morrighaneye01_skin.dds";
 }
}

Material morrighan_hair_02 {
 0.640000;0.640000;0.640000;0.200000;;
 32.642128;
 0.025000;0.025000;0.025000;;
 0.000000;0.000000;0.000000;;

 TextureFilename {
  "morrighan_hair_02.dds";
 }
}

Frame ARM_morrighan2_framework {
 

 FrameTransformMatrix {
  39.370080,0.000000,0.000000,0.000000,0.000000,-0.000006,39.370080,0.000000,0.000000,-39.370080,-0.000006,0.000000,0.000000,0.000000,0.000000,1.000000;;
 }

 Frame _0__-com {
  

  FrameTransformMatrix {
   0.999840,-0.011654,-0.013409,0.000000,0.013442,0.002764,0.999906,0.000000,-0.011616,-0.999926,0.002920,0.000000,-0.249195,-0.000000,106.167053,1.000000;;
  }

  Frame _1___body {
   

   FrameTransformMatrix {
    0.000002,-0.000000,1.000000,0.000000,0.997082,-0.076334,-0.000002,0.000000,0.076334,0.997082,0.000000,0.000000,-0.000005,-0.000015,0.063980,1.000000;;
   }

   Frame _3___belt1 {
    

    FrameTransformMatrix {
     -0.743504,0.028737,-0.668100,0.000000,0.061459,0.997784,-0.025477,0.000000,0.665900,-0.060004,-0.743636,0.000000,8.044914,-0.000023,4.071831,1.000000;;
    }

    Frame _7___belt2 {
     

     FrameTransformMatrix {
      0.950186,-0.045043,-0.308412,0.000000,-0.016024,0.981134,-0.192662,0.000000,0.311272,0.188007,0.931538,0.000000,-0.000008,-0.000001,15.431794,1.000000;;
     }

     Frame _11___belt3 {
      

      FrameTransformMatrix {
       -0.994153,-0.033454,0.102705,0.000000,0.043613,-0.994203,0.098314,0.000000,0.098820,0.102218,0.989841,0.000000,-0.000004,0.000000,9.400246,1.000000;;
      }

      Frame _20___belt4 {
       

       FrameTransformMatrix {
        0.995729,0.054992,-0.074159,0.000000,-0.046045,0.992018,0.117386,0.000000,0.080023,-0.113470,0.990314,0.000000,-0.000004,-0.000003,10.886375,1.000000;;
       }
      }
     }
    }
   }

   Frame _4___chest1 {
    

    FrameTransformMatrix {
     0.999074,0.035604,0.024164,0.000000,-0.036453,0.998700,0.035639,0.000000,-0.022864,-0.036487,0.999073,0.000000,-0.812768,-0.451749,5.896393,1.000000;;
    }

    Frame _8___chest2 {
     

     FrameTransformMatrix {
      0.987897,-0.054521,0.145214,0.000000,0.044394,0.996410,0.072086,0.000000,-0.148623,-0.064767,0.986771,0.000000,-0.015464,0.000854,11.393547,1.000000;;
     }

     Frame _12___backhair1 {
      

      FrameTransformMatrix {
       -0.804731,0.013255,0.593488,0.000000,0.061230,0.996272,0.060773,0.000000,-0.590471,0.085245,-0.802543,0.000000,-12.076734,-0.000015,1.395264,1.000000;;
      }

      Frame _21___backhair2 {
       

       FrameTransformMatrix {
        0.993258,0.000003,-0.115924,0.000000,0.017630,0.988364,0.151079,0.000000,0.114575,-0.152105,0.981701,0.000000,0.000000,0.000004,35.449318,1.000000;;
       }

       Frame _29___backhair3 {
        

        FrameTransformMatrix {
         0.992893,0.000006,-0.119010,0.000000,0.009781,0.996612,0.081659,0.000000,0.118608,-0.082243,0.989529,0.000000,-0.000237,0.000003,31.946726,1.000000;;
        }
       }
      }
     }

     Frame _13___fronttaill1 {
      

      FrameTransformMatrix {
       -0.028794,0.992841,0.115918,0.000000,0.925869,0.070198,-0.371265,0.000000,-0.376745,0.096635,-0.921263,0.000000,4.987782,11.020979,3.021156,1.000000;;
      }

      Frame _22___fronttaill2 {
       

       FrameTransformMatrix {
        0.999022,-0.016724,-0.040923,0.000000,0.020422,0.995580,0.091667,0.000000,0.039209,-0.092413,0.994948,0.000000,-0.000019,-0.000015,13.540528,1.000000;;
       }

       Frame _30___fronttaill3 {
        

        FrameTransformMatrix {
         0.984715,-0.017821,0.173257,0.000000,-0.020113,0.976462,0.214749,0.000000,-0.173006,-0.214951,0.961179,0.000000,0.000004,-0.000004,13.671357,1.000000;;
        }
       }
      }
     }

     Frame _14___fronttailr1 {
      

      FrameTransformMatrix {
       0.001446,-0.988638,0.150297,0.000000,-0.928206,0.054593,0.368037,0.000000,-0.372061,-0.140038,-0.917582,0.000000,4.987822,-11.020942,3.021156,1.000000;;
      }

      Frame _23___fronttailr2 {
       

       FrameTransformMatrix {
        0.992993,-0.015640,-0.117129,0.000000,0.000358,0.991597,-0.129369,0.000000,0.118168,0.128420,0.984654,0.000000,-0.000015,0.000021,13.540534,1.000000;;
       }

       Frame _31___fronttailr3 {
        

        FrameTransformMatrix {
         0.970904,0.047666,0.234676,0.000000,-0.009728,0.987032,-0.160231,0.000000,-0.239270,0.153286,0.958777,0.000000,-0.000008,0.000004,13.671371,1.000000;;
        }
       }
      }
     }

     Frame _15___neck {
      

      FrameTransformMatrix {
       0.961262,0.000542,-0.275637,0.000000,-0.000002,0.999998,0.001962,0.000000,0.275638,-0.001885,0.961260,0.000000,-0.003664,-0.000002,19.662125,1.000000;;
      }

      Frame _24___claviclel {
       

       FrameTransformMatrix {
        -0.960688,0.026593,-0.276355,0.000000,-0.257985,0.282278,0.923993,0.000000,0.102580,0.958964,-0.264320,0.000000,-0.120806,2.221757,-0.555832,1.000000;;
       }

       Frame _32___arm1l {
        

        FrameTransformMatrix {
         0.985720,0.150509,-0.075517,0.000000,0.012702,0.380727,0.924600,0.000000,0.167912,-0.912356,0.373379,0.000000,0.000006,-0.000046,9.141022,1.000000;;
        }

        Frame _39___arm2l {
         

         FrameTransformMatrix {
          0.931562,-0.000000,0.363583,0.000000,-0.000000,1.000000,0.000000,0.000000,-0.363583,-0.000000,0.931562,0.000000,0.000001,-0.000004,24.301384,1.000000;;
         }

         Frame _43___sonl {
          

          FrameTransformMatrix {
           0.070163,-0.987476,-0.141306,0.000000,0.974223,0.037387,0.222467,0.000000,-0.214398,-0.153273,0.964645,0.000000,0.000004,0.000000,21.827392,1.000000;;
          }
         }
        }
       }
      }

      Frame _25___clavicler {
       

       FrameTransformMatrix {
        -0.960533,-0.033196,-0.276188,0.000000,0.256510,0.278456,-0.925563,0.000000,0.107631,-0.959876,-0.258951,0.000000,-0.123201,-2.223701,-0.547470,1.000000;;
       }

       Frame _33___arm1r {
        

        FrameTransformMatrix {
         0.965414,-0.129900,-0.226057,0.000000,-0.157507,0.400362,-0.902719,0.000000,0.207768,0.907103,0.366055,0.000000,0.000002,0.000000,9.141018,1.000000;;
        }

        Frame _40___arm2r {
         

         FrameTransformMatrix {
          0.999971,0.000000,-0.007674,0.000000,-0.000000,1.000000,0.000000,0.000000,0.007674,-0.000000,0.999970,0.000000,0.000001,0.000002,24.301338,1.000000;;
         }

         Frame _44___sonr {
          

          FrameTransformMatrix {
           0.025036,0.999642,-0.009323,0.000000,-0.995360,0.025794,0.092694,0.000000,0.092902,0.006959,0.995651,0.000000,0.000000,0.000000,21.827408,1.000000;;
          }
         }
        }
       }
      }

      Frame _26___head {
       

       FrameTransformMatrix {
        0.999672,0.011856,0.022713,0.000000,-0.011254,0.999587,-0.026444,0.000000,-0.023017,0.026180,0.999392,0.000000,0.000002,0.000000,4.788483,1.000000;;
       }
      }
     }

     Frame _16___wingl1 {
      

      FrameTransformMatrix {
       0.297379,0.946308,0.126754,0.000000,-0.340323,0.229102,-0.911972,0.000000,-0.892046,0.228063,0.390181,0.000000,-4.226785,6.211463,11.285538,1.000000;;
      }

      Frame _27___wingl2 {
       

       FrameTransformMatrix {
        0.826216,0.400022,-0.396673,0.000000,0.391460,0.098696,0.914887,0.000000,0.405125,-0.911176,-0.075048,0.000000,-0.000011,-0.000031,18.473781,1.000000;;
       }

       Frame _36___wingl3 {
        

        FrameTransformMatrix {
         0.426728,-0.888722,-0.167558,0.000000,-0.863439,-0.345243,-0.367804,0.000000,0.269027,0.301628,-0.914682,0.000000,-0.000011,0.000015,51.717834,1.000000;;
        }

        Frame _41___wingl4 {
         

         FrameTransformMatrix {
          0.993251,-0.082567,-0.081462,0.000000,0.070798,0.987890,-0.138059,0.000000,0.091875,0.131360,0.987068,0.000000,-0.000015,-0.000011,75.050829,1.000000;;
         }
        }
       }
      }
     }

     Frame _17___wingr1 {
      

      FrameTransformMatrix {
       -0.279526,0.950327,-0.136912,0.000000,-0.355952,-0.235005,-0.904473,0.000000,-0.891719,-0.204089,0.403960,0.000000,-4.226768,-6.211410,11.285538,1.000000;;
      }

      Frame _28___wingr2 {
       

       FrameTransformMatrix {
        0.826216,-0.400022,0.396673,0.000000,-0.391460,0.098697,0.914887,0.000000,-0.405125,-0.911176,-0.075048,0.000000,0.000004,0.000008,18.473794,1.000000;;
       }

       Frame _37___wingr3 {
        

        FrameTransformMatrix {
         0.436525,0.876241,0.204081,0.000000,0.863622,-0.344516,-0.368056,0.000000,-0.252196,0.336914,-0.907130,0.000000,0.000023,0.000015,51.717827,1.000000;;
        }

        Frame _42___wingr4 {
         

         FrameTransformMatrix {
          -0.991583,-0.085236,-0.097467,0.000000,0.070165,-0.986380,0.148772,0.000000,-0.108820,0.140681,0.984056,0.000000,0.000008,0.000000,75.050829,1.000000;;
         }
        }
       }
      }
     }
    }
   }

   Frame _5___leg1l {
    

    FrameTransformMatrix {
     0.953175,0.005198,0.302414,0.000000,0.027958,-0.997068,-0.070984,0.000000,0.301159,0.076115,-0.950530,0.000000,0.000013,6.246395,-0.000008,1.000000;;
    }

    Frame _9___leg2l {
     

     FrameTransformMatrix {
      0.552941,-0.000000,0.833220,0.000000,-0.000000,1.000000,0.000000,0.000000,-0.833220,-0.000000,0.552941,0.000000,-0.000004,0.000000,48.600093,1.000000;;
     }

     Frame _18__-footl {
      

      FrameTransformMatrix {
       0.912178,-0.021295,0.409241,0.000000,0.012841,0.999644,0.023395,0.000000,-0.409593,-0.016086,0.912126,0.000000,-0.000004,-0.000001,48.600080,1.000000;;
      }
     }
    }
   }

   Frame _6___leg1r {
    

    FrameTransformMatrix {
     0.999856,-0.008467,-0.017260,0.000000,-0.010570,-0.991976,-0.125670,0.000000,-0.016058,0.125834,-0.991922,0.000000,-0.000004,-6.246397,0.000015,1.000000;;
    }

    Frame _10___leg2r {
     

     FrameTransformMatrix {
      0.995744,0.000000,0.092166,0.000000,-0.000000,1.000000,0.000000,0.000000,-0.092166,0.000000,0.995744,0.000000,0.000000,0.000000,48.600090,1.000000;;
     }

     Frame _19__-footr {
      

      FrameTransformMatrix {
       0.992210,-0.021513,-0.122707,0.000000,0.014911,0.998404,-0.054474,0.000000,0.123683,0.052220,0.990947,0.000000,0.000000,0.000000,48.600090,1.000000;;
      }
     }
    }
   }
  }
 }
}

Frame morrighaneye02_mesh_sonr___subgroup0 {
 

 FrameTransformMatrix {
  39.370086,0.000045,0.000077,0.000000,-0.000077,-0.000006,39.370083,0.000000,0.000045,-39.370083,-0.000006,0.000000,-767.26970,124.247974,3462.45990,1.000000;;
 }

 Mesh morrighaneye02_mesh_sonr___subgroup0 {
  7739;
  -0.755482;3.980229;1.406448;,
  1.485687;3.006701;7.492656;,
  0.219999;3.696236;0.750122;,
  1.485687;3.006701;7.492656;,
  -0.755482;3.980229;1.406448;,
  -0.451397;2.920811;7.760089;,
  0.789124;-3.160685;0.861687;,
  3.014255;-3.004639;4.010436;,
  0.530598;-2.570265;6.682990;,
  0.530598;-2.570265;6.682990;,
  -2.230272;-2.814940;0.982651;,
  0.789124;-3.160685;0.861687;,
  -0.296185;-1.481330;-0.441582;,
  1.485687;3.006701;7.492656;,
  2.381614;0.163159;7.370737;,
  0.530598;-2.570265;6.682990;,
  3.014255;-3.004639;4.010436;,
  2.381614;0.163159;7.370737;,
  -2.564670;-1.147461;0.831146;,
  -2.230272;-2.814940;0.982651;,
  -1.334137;0.621651;7.882264;,
  0.530598;-2.570265;6.682990;,
  -1.334137;0.621651;7.882264;,
  -2.230272;-2.814940;0.982651;,
  1.601046;-2.753842;-2.804756;,
  2.639013;-3.205564;-2.715255;,
  0.789124;-3.160685;0.861687;,
  3.014255;-3.004639;4.010436;,
  2.910867;-1.447434;2.572502;,
  2.381614;0.163159;7.370737;,
  0.401468;2.407394;0.109726;,
  0.219999;3.696236;0.750122;,
  1.485687;3.006701;7.492656;,
  2.381614;0.163159;7.370737;,
  2.910867;-1.447434;2.572502;,
  -0.296185;-1.481330;-0.441582;,
  2.291713;-2.196877;-2.749038;,
  2.910867;-1.447434;2.572502;,
  2.639013;-3.205564;-2.715255;,
  1.601046;-2.753842;-2.804756;,
  0.789124;-3.160685;0.861687;,
  2.910867;-1.447434;2.572502;,
  2.910867;-1.447434;2.572502;,
  2.291713;-2.196877;-2.749038;,
  1.601046;-2.753842;-2.804756;,
  2.639013;-3.205564;-2.715255;,
  1.601046;-2.753842;-2.804756;,
  2.291713;-2.196877;-2.749038;,
  0.530598;-2.570265;6.682990;,
  2.381614;0.163159;7.370737;,
  0.798218;-1.735285;8.626042;,
  -1.334137;0.621651;7.882264;,
  0.530598;-2.570265;6.682990;,
  0.798218;-1.735285;8.626042;,
  -1.334137;0.621651;7.882264;,
  -0.451397;2.920811;7.760089;,
  -0.755482;3.980229;1.406448;,
  1.665407;-2.615828;-7.360015;,
  1.928583;-2.761223;-6.653846;,
  1.854193;-3.245800;-6.663185;,
  1.854193;-3.245800;-6.663185;,
  1.527096;-3.299361;-7.399390;,
  1.665407;-2.615828;-7.360015;,
  -1.596479;2.682982;1.078468;,
  -2.305212;0.762988;0.894783;,
  -1.334137;0.621651;7.882264;,
  1.850218;1.309195;-6.182792;,
  1.399736;1.313795;-7.012695;,
  1.532108;2.105096;-6.899681;,
  1.532108;2.105096;-6.899681;,
  1.918939;1.837771;-6.147941;,
  1.850218;1.309195;-6.182792;,
  0.789124;-3.160685;0.861687;,
  -0.296185;-1.481330;-0.441582;,
  2.910867;-1.447434;2.572502;,
  -0.755482;3.980229;1.406448;,
  -1.596479;2.682982;1.078468;,
  -1.334137;0.621651;7.882264;,
  2.358219;2.922235;-4.824211;,
  1.742592;2.868805;-5.698326;,
  1.847399;3.495358;-5.608818;,
  1.847399;3.495358;-5.608818;,
  2.423078;3.390956;-4.790596;,
  2.358219;2.922235;-4.824211;,
  -2.305212;0.762988;0.894783;,
  -2.564670;-1.147461;0.831146;,
  -1.334137;0.621651;7.882264;,
  2.025228;-1.031568;-7.259963;,
  1.569584;-1.095350;-8.245795;,
  1.761133;-0.123860;-8.188674;,
  1.761133;-0.123860;-8.188674;,
  2.141226;-0.325872;-7.269851;,
  2.025228;-1.031568;-7.259963;,
  -0.395939;0.427429;-0.269546;,
  1.485687;3.006701;7.492656;,
  -0.296185;-1.481330;-0.441582;,
  -0.395939;0.427429;-0.269546;,
  0.401468;2.407394;0.109726;,
  1.485687;3.006701;7.492656;,
  -0.897139;-3.179149;-3.837806;,
  0.191566;-3.314801;-3.103981;,
  0.789124;-3.160685;0.861687;,
  0.789124;-3.160685;0.861687;,
  -2.230272;-2.814940;0.982651;,
  -0.897139;-3.179149;-3.837806;,
  -0.670277;-2.077551;-3.760986;,
  -0.897139;-3.179149;-3.837806;,
  -2.564670;-1.147461;0.831146;,
  0.367283;-2.223940;-3.118568;,
  -0.670277;-2.077551;-3.760986;,
  -2.564670;-1.147461;0.831146;,
  -2.564670;-1.147461;0.831146;,
  -0.296185;-1.481330;-0.441582;,
  0.367283;-2.223940;-3.118568;,
  0.191566;-3.314801;-3.103981;,
  0.367283;-2.223940;-3.118568;,
  -0.296185;-1.481330;-0.441582;,
  -0.296185;-1.481330;-0.441582;,
  0.789124;-3.160685;0.861687;,
  0.191566;-3.314801;-3.103981;,
  1.527096;-3.299361;-7.399390;,
  1.854193;-3.245800;-6.663185;,
  0.191566;-3.314801;-3.103981;,
  0.191566;-3.314801;-3.103981;,
  -0.897139;-3.179149;-3.837806;,
  1.527096;-3.299361;-7.399390;,
  1.665407;-2.615828;-7.360015;,
  1.527096;-3.299361;-7.399390;,
  -0.897139;-3.179149;-3.837806;,
  -0.897139;-3.179149;-3.837806;,
  -0.670277;-2.077551;-3.760986;,
  1.665407;-2.615828;-7.360015;,
  1.928583;-2.761223;-6.653846;,
  1.665407;-2.615828;-7.360015;,
  -0.670277;-2.077551;-3.760986;,
  -0.670277;-2.077551;-3.760986;,
  0.367283;-2.223940;-3.118568;,
  1.928583;-2.761223;-6.653846;,
  1.854193;-3.245800;-6.663185;,
  1.928583;-2.761223;-6.653846;,
  0.367283;-2.223940;-3.118568;,
  0.367283;-2.223940;-3.118568;,
  0.191566;-3.314801;-3.103981;,
  1.854193;-3.245800;-6.663185;,
  -0.565741;0.328804;-4.266960;,
  -0.812767;-0.927699;-4.355338;,
  -2.564670;-1.147461;0.831146;,
  -2.564670;-1.147461;0.831146;,
  -2.305212;0.762988;0.894783;,
  -0.565741;0.328804;-4.266960;,
  0.425447;0.113829;-3.578400;,
  -0.565741;0.328804;-4.266960;,
  -2.305212;0.762988;0.894783;,
  -2.305212;0.762988;0.894783;,
  -0.395939;0.427429;-0.269546;,
  0.425447;0.113829;-3.578400;,
  0.244072;-0.988878;-3.561821;,
  0.425447;0.113829;-3.578400;,
  -0.395939;0.427429;-0.269546;,
  -0.395939;0.427429;-0.269546;,
  -0.296185;-1.481330;-0.441582;,
  0.244072;-0.988878;-3.561821;,
  -0.812767;-0.927699;-4.355338;,
  0.244072;-0.988878;-3.561821;,
  -0.296185;-1.481330;-0.441582;,
  -0.296185;-1.481330;-0.441582;,
  -2.564670;-1.147461;0.831146;,
  -0.812767;-0.927699;-4.355338;,
  1.761133;-0.123860;-8.188674;,
  1.569584;-1.095350;-8.245795;,
  -0.812767;-0.927699;-4.355338;,
  -0.812767;-0.927699;-4.355338;,
  -0.565741;0.328804;-4.266960;,
  1.761133;-0.123860;-8.188674;,
  2.141226;-0.325872;-7.269851;,
  1.761133;-0.123860;-8.188674;,
  -0.565741;0.328804;-4.266960;,
  -0.565741;0.328804;-4.266960;,
  0.425447;0.113829;-3.578400;,
  2.141226;-0.325872;-7.269851;,
  2.025228;-1.031568;-7.259963;,
  2.141226;-0.325872;-7.269851;,
  0.425447;0.113829;-3.578400;,
  0.425447;0.113829;-3.578400;,
  0.244072;-0.988878;-3.561821;,
  2.025228;-1.031568;-7.259963;,
  1.569584;-1.095350;-8.245795;,
  2.025228;-1.031568;-7.259963;,
  0.244072;-0.988878;-3.561821;,
  0.244072;-0.988878;-3.561821;,
  -0.812767;-0.927699;-4.355338;,
  1.569584;-1.095350;-8.245795;,
  0.420704;0.869761;-3.255401;,
  0.582674;2.080988;-3.172455;,
  0.401468;2.407394;0.109726;,
  0.401468;2.407394;0.109726;,
  -0.395939;0.427429;-0.269546;,
  0.420704;0.869761;-3.255401;,
  -0.713156;1.110599;-3.966674;,
  0.420704;0.869761;-3.255401;,
  -0.395939;0.427429;-0.269546;,
  -0.395939;0.427429;-0.269546;,
  -2.305212;0.762988;0.894783;,
  -0.713156;1.110599;-3.966674;,
  -0.513950;2.294089;-3.791443;,
  -0.713156;1.110599;-3.966674;,
  -2.305212;0.762988;0.894783;,
  -2.305212;0.762988;0.894783;,
  -1.596479;2.682982;1.078468;,
  -0.513950;2.294089;-3.791443;,
  0.582674;2.080988;-3.172455;,
  -0.513950;2.294089;-3.791443;,
  -1.596479;2.682982;1.078468;,
  -1.596479;2.682982;1.078468;,
  0.401468;2.407394;0.109726;,
  0.582674;2.080988;-3.172455;,
  1.850218;1.309195;-6.182792;,
  1.918939;1.837771;-6.147941;,
  0.582674;2.080988;-3.172455;,
  0.582674;2.080988;-3.172455;,
  0.420704;0.869761;-3.255401;,
  1.850218;1.309195;-6.182792;,
  1.399736;1.313795;-7.012695;,
  1.850218;1.309195;-6.182792;,
  0.420704;0.869761;-3.255401;,
  0.420704;0.869761;-3.255401;,
  -0.713156;1.110599;-3.966674;,
  1.399736;1.313795;-7.012695;,
  1.532108;2.105096;-6.899681;,
  1.399736;1.313795;-7.012695;,
  -0.713156;1.110599;-3.966674;,
  -0.713156;1.110599;-3.966674;,
  -0.513950;2.294089;-3.791443;,
  1.532108;2.105096;-6.899681;,
  1.918939;1.837771;-6.147941;,
  1.532108;2.105096;-6.899681;,
  -0.513950;2.294089;-3.791443;,
  -0.513950;2.294089;-3.791443;,
  0.582674;2.080988;-3.172455;,
  1.918939;1.837771;-6.147941;,
  0.990831;3.634049;-2.393272;,
  -0.239248;3.823339;-2.528435;,
  -0.755482;3.980229;1.406448;,
  -0.755482;3.980229;1.406448;,
  0.219999;3.696236;0.750122;,
  0.990831;3.634049;-2.393272;,
  0.860033;2.599031;-2.463241;,
  0.990831;3.634049;-2.393272;,
  0.219999;3.696236;0.750122;,
  0.219999;3.696236;0.750122;,
  0.401468;2.407394;0.109726;,
  0.860033;2.599031;-2.463241;,
  -0.141586;2.778426;-2.676140;,
  0.860033;2.599031;-2.463241;,
  0.401468;2.407394;0.109726;,
  0.401468;2.407394;0.109726;,
  -1.596479;2.682982;1.078468;,
  -0.141586;2.778426;-2.676140;,
  -0.239248;3.823339;-2.528435;,
  -0.141586;2.778426;-2.676140;,
  -1.596479;2.682982;1.078468;,
  -1.596479;2.682982;1.078468;,
  -0.755482;3.980229;1.406448;,
  -0.239248;3.823339;-2.528435;,
  2.423078;3.390956;-4.790596;,
  1.847399;3.495358;-5.608818;,
  -0.239248;3.823339;-2.528435;,
  -0.239248;3.823339;-2.528435;,
  0.990831;3.634049;-2.393272;,
  2.423078;3.390956;-4.790596;,
  2.358219;2.922235;-4.824211;,
  2.423078;3.390956;-4.790596;,
  0.990831;3.634049;-2.393272;,
  0.990831;3.634049;-2.393272;,
  0.860033;2.599031;-2.463241;,
  2.358219;2.922235;-4.824211;,
  1.742592;2.868805;-5.698326;,
  2.358219;2.922235;-4.824211;,
  0.860033;2.599031;-2.463241;,
  0.860033;2.599031;-2.463241;,
  -0.141586;2.778426;-2.676140;,
  1.742592;2.868805;-5.698326;,
  1.847399;3.495358;-5.608818;,
  1.742592;2.868805;-5.698326;,
  -0.141586;2.778426;-2.676140;,
  -0.141586;2.778426;-2.676140;,
  -0.239248;3.823339;-2.528435;,
  1.847399;3.495358;-5.608818;,
  -0.897139;-3.179149;-3.837806;,
  -2.230272;-2.814940;0.982651;,
  -2.564670;-1.147461;0.831146;,
  2.639013;-3.205564;-2.715255;,
  3.014255;-3.004639;4.010436;,
  0.789124;-3.160685;0.861687;,
  2.910867;-1.447434;2.572502;,
  3.014255;-3.004639;4.010436;,
  2.639013;-3.205564;-2.715255;,
  40.195434;3.898751;1.406542;,
  39.204448;3.674806;0.750206;,
  37.491533;3.006710;7.492686;,
  37.491533;3.006710;7.492686;,
  39.428691;2.920749;7.760134;,
  40.195434;3.898751;1.406542;,
  38.498336;-3.160743;0.845573;,
  38.446675;-2.570319;6.683080;,
  35.963021;-3.180224;4.010514;,
  38.446675;-2.570319;6.683080;,
  38.498336;-3.160743;0.845573;,
  41.252864;-2.973744;0.982748;,
  39.403760;-1.524608;-0.441489;,
  36.595616;0.163165;7.370759;,
  37.491533;3.006710;7.492686;,
  38.446675;-2.570319;6.683080;,
  36.595616;0.163165;7.370759;,
  35.963021;-3.180224;4.010514;,
  41.688381;-1.329776;0.831244;,
  40.311366;0.621667;7.882280;,
  41.252864;-2.973744;0.982748;,
  38.446675;-2.570319;6.683080;,
  41.252864;-2.973744;0.982748;,
  40.311366;0.621667;7.882280;,
  37.332970;-3.122236;-2.792827;,
  38.498336;-3.160743;0.845573;,
  36.523536;-3.636700;-2.703305;,
  35.963021;-3.180224;4.010514;,
  36.595616;0.163165;7.370759;,
  36.066422;-1.447482;2.572587;,
  38.944678;2.399440;0.109817;,
  37.491533;3.006710;7.492686;,
  39.204448;3.674806;0.750206;,
  36.595616;0.163165;7.370759;,
  39.403760;-1.524608;-0.441489;,
  36.066422;-1.447482;2.572587;,
  36.642301;-2.791955;-2.737088;,
  36.523536;-3.636700;-2.703305;,
  36.066422;-1.447482;2.572587;,
  37.332970;-3.122236;-2.792827;,
  36.642301;-2.791955;-2.737088;,
  36.066422;-1.447482;2.572587;,
  36.066422;-1.447482;2.572587;,
  38.498336;-3.160743;0.845573;,
  37.332970;-3.122236;-2.792827;,
  36.523536;-3.636700;-2.703305;,
  36.642301;-2.791955;-2.737088;,
  37.332970;-3.122236;-2.792827;,
  38.446675;-2.570319;6.683080;,
  38.179021;-1.735268;8.626064;,
  36.595616;0.163165;7.370759;,
  40.311366;0.621667;7.882280;,
  38.179021;-1.735268;8.626064;,
  38.446675;-2.570319;6.683080;,
  40.311366;0.621667;7.882280;,
  40.195434;3.898751;1.406542;,
  39.428691;2.920749;7.760134;,
  37.006720;-2.582721;-7.321040;,
  37.096374;-3.274242;-7.361788;,
  36.899654;-3.185291;-6.583804;,
  36.899654;-3.185291;-6.583804;,
  36.856304;-2.696914;-6.577136;,
  37.006720;-2.582721;-7.321040;,
  40.955715;2.552606;1.078564;,
  40.311366;0.621667;7.882280;,
  41.545974;0.592945;0.894880;,
  37.249606;1.369332;-6.249545;,
  37.218643;1.901778;-6.219996;,
  37.490362;2.128954;-7.032870;,
  37.490362;2.128954;-7.032870;,
  37.555645;1.328769;-7.141954;,
  37.249606;1.369332;-6.249545;,
  38.498336;-3.160743;0.845573;,
  36.066422;-1.447482;2.572587;,
  39.403760;-1.524608;-0.441489;,
  40.195434;3.898751;1.406542;,
  40.311366;0.621667;7.882280;,
  40.955715;2.552606;1.078564;,
  37.043907;3.161760;-5.299435;,
  37.070848;3.634452;-5.269924;,
  37.370010;3.549311;-5.820956;,
  37.370010;3.549311;-5.820956;,
  37.421699;2.915725;-5.907336;,
  37.043907;3.161760;-5.299435;,
  41.545974;0.592945;0.894880;,
  40.311366;0.621667;7.882280;,
  41.688381;-1.329776;0.831244;,
  36.761750;-0.977309;-7.211506;,
  36.687184;-0.266075;-7.223690;,
  36.920720;-0.107052;-8.198207;,
  36.920720;-0.107052;-8.198207;,
  37.043002;-1.089604;-8.256418;,
  36.761750;-0.977309;-7.211506;,
  39.619792;0.374509;-0.269469;,
  39.403760;-1.524608;-0.441489;,
  37.491533;3.006710;7.492686;,
  39.619792;0.374509;-0.269469;,
  37.491533;3.006710;7.492686;,
  38.944678;2.399440;0.109817;,
  40.080730;-3.233744;-4.252392;,
  41.252864;-2.973744;0.982748;,
  38.498336;-3.160743;0.845573;,
  38.498336;-3.160743;0.845573;,
  39.122813;-3.285887;-3.345831;,
  40.080730;-3.233744;-4.252392;,
  39.934563;-2.118752;-4.172924;,
  41.688381;-1.329776;0.831244;,
  41.252864;-2.973744;0.982748;,
  41.252864;-2.973744;0.982748;,
  40.080730;-3.233744;-4.252392;,
  39.934563;-2.118752;-4.172924;,
  39.011203;-2.186678;-3.364546;,
  39.403760;-1.524608;-0.441489;,
  41.688381;-1.329776;0.831244;,
  41.688381;-1.329776;0.831244;,
  39.934563;-2.118752;-4.172924;,
  39.011203;-2.186678;-3.364546;,
  39.122813;-3.285887;-3.345831;,
  38.498336;-3.160743;0.845573;,
  39.403760;-1.524608;-0.441489;,
  39.403760;-1.524608;-0.441489;,
  39.011203;-2.186678;-3.364546;,
  39.122813;-3.285887;-3.345831;,
  37.096374;-3.274242;-7.361788;,
  40.080730;-3.233744;-4.252392;,
  39.122813;-3.285887;-3.345831;,
  39.122813;-3.285887;-3.345831;,
  36.899654;-3.185291;-6.583804;,
  37.096374;-3.274242;-7.361788;,
  37.006720;-2.582721;-7.321040;,
  39.934563;-2.118752;-4.172924;,
  40.080730;-3.233744;-4.252392;,
  40.080730;-3.233744;-4.252392;,
  37.096374;-3.274242;-7.361788;,
  37.006720;-2.582721;-7.321040;,
  36.856304;-2.696914;-6.577136;,
  39.011203;-2.186678;-3.364546;,
  39.934563;-2.118752;-4.172924;,
  39.934563;-2.118752;-4.172924;,
  37.006720;-2.582721;-7.321040;,
  36.856304;-2.696914;-6.577136;,
  36.899654;-3.185291;-6.583804;,
  39.122813;-3.285887;-3.345831;,
  39.011203;-2.186678;-3.364546;,
  39.011203;-2.186678;-3.364546;,
  36.856304;-2.696914;-6.577136;,
  36.899654;-3.185291;-6.583804;,
  39.888416;0.278614;-4.727880;,
  41.545974;0.592945;0.894880;,
  41.688381;-1.329776;0.831244;,
  41.688381;-1.329776;0.831244;,
  40.043456;-0.992443;-4.817349;,
  39.888416;0.278614;-4.727880;,
  39.014352;0.140284;-3.879554;,
  39.619792;0.374509;-0.269469;,
  41.545974;0.592945;0.894880;,
  41.545974;0.592945;0.894880;,
  39.888416;0.278614;-4.727880;,
  39.014352;0.140284;-3.879554;,
  39.131168;-0.971059;-3.859435;,
  39.403760;-1.524608;-0.441489;,
  39.619792;0.374509;-0.269469;,
  39.619792;0.374509;-0.269469;,
  39.014352;0.140284;-3.879554;,
  39.131168;-0.971059;-3.859435;,
  40.043456;-0.992443;-4.817349;,
  41.688381;-1.329776;0.831244;,
  39.403760;-1.524608;-0.441489;,
  39.403760;-1.524608;-0.441489;,
  39.131168;-0.971059;-3.859435;,
  40.043456;-0.992443;-4.817349;,
  36.920720;-0.107052;-8.198207;,
  39.888416;0.278614;-4.727880;,
  40.043456;-0.992443;-4.817349;,
  40.043456;-0.992443;-4.817349;,
  37.043002;-1.089604;-8.256418;,
  36.920720;-0.107052;-8.198207;,
  36.687184;-0.266075;-7.223690;,
  39.014352;0.140284;-3.879554;,
  39.888416;0.278614;-4.727880;,
  39.888416;0.278614;-4.727880;,
  36.920720;-0.107052;-8.198207;,
  36.687184;-0.266075;-7.223690;,
  36.761750;-0.977309;-7.211506;,
  39.131168;-0.971059;-3.859435;,
  39.014352;0.140284;-3.879554;,
  39.014352;0.140284;-3.879554;,
  36.687184;-0.266075;-7.223690;,
  36.761750;-0.977309;-7.211506;,
  37.043002;-1.089604;-8.256418;,
  40.043456;-0.992443;-4.817349;,
  39.131168;-0.971059;-3.859435;,
  39.131168;-0.971059;-3.859435;,
  36.761750;-0.977309;-7.211506;,
  37.043002;-1.089604;-8.256418;,
  39.116810;0.900853;-3.584899;,
  39.619792;0.374509;-0.269469;,
  38.944678;2.399440;0.109817;,
  38.944678;2.399440;0.109817;,
  39.041946;2.121291;-3.513396;,
  39.116810;0.900853;-3.584899;,
  40.129059;1.055584;-4.479862;,
  41.545974;0.592945;0.894880;,
  39.619792;0.374509;-0.269469;,
  39.619792;0.374509;-0.269469;,
  39.116810;0.900853;-3.584899;,
  40.129059;1.055584;-4.479862;,
  40.031238;2.252558;-4.310398;,
  40.955715;2.552606;1.078564;,
  41.545974;0.592945;0.894880;,
  41.545974;0.592945;0.894880;,
  40.129059;1.055584;-4.479862;,
  40.031238;2.252558;-4.310398;,
  39.041946;2.121291;-3.513396;,
  38.944678;2.399440;0.109817;,
  40.955715;2.552606;1.078564;,
  40.955715;2.552606;1.078564;,
  40.031238;2.252558;-4.310398;,
  39.041946;2.121291;-3.513396;,
  37.249606;1.369332;-6.249545;,
  39.116810;0.900853;-3.584899;,
  39.041946;2.121291;-3.513396;,
  39.041946;2.121291;-3.513396;,
  37.218643;1.901778;-6.219996;,
  37.249606;1.369332;-6.249545;,
  37.555645;1.328769;-7.141954;,
  40.129059;1.055584;-4.479862;,
  39.116810;0.900853;-3.584899;,
  39.116810;0.900853;-3.584899;,
  37.249606;1.369332;-6.249545;,
  37.555645;1.328769;-7.141954;,
  37.490362;2.128954;-7.032870;,
  40.031238;2.252558;-4.310398;,
  40.129059;1.055584;-4.479862;,
  40.129059;1.055584;-4.479862;,
  37.555645;1.328769;-7.141954;,
  37.490362;2.128954;-7.032870;,
  37.218643;1.901778;-6.219996;,
  39.041946;2.121291;-3.513396;,
  40.031238;2.252558;-4.310398;,
  40.031238;2.252558;-4.310398;,
  37.490362;2.128954;-7.032870;,
  37.218643;1.901778;-6.219996;,
  38.804141;3.630000;-2.435127;,
  39.204448;3.674806;0.750206;,
  40.195434;3.898751;1.406542;,
  40.195434;3.898751;1.406542;,
  39.498944;3.752574;-2.949248;,
  38.804141;3.630000;-2.435127;,
  38.867168;2.588393;-2.501068;,
  38.944678;2.399440;0.109817;,
  39.204448;3.674806;0.750206;,
  39.204448;3.674806;0.750206;,
  38.804141;3.630000;-2.435127;,
  38.867168;2.588393;-2.501068;,
  39.772614;2.768965;-3.234586;,
  40.955715;2.552606;1.078564;,
  38.944678;2.399440;0.109817;,
  38.944678;2.399440;0.109817;,
  38.867168;2.588393;-2.501068;,
  39.772614;2.768965;-3.234586;,
  39.498944;3.752574;-2.949248;,
  40.195434;3.898751;1.406542;,
  40.955715;2.552606;1.078564;,
  40.955715;2.552606;1.078564;,
  39.772614;2.768965;-3.234586;,
  39.498944;3.752574;-2.949248;,
  37.070848;3.634452;-5.269924;,
  38.804141;3.630000;-2.435127;,
  39.498944;3.752574;-2.949248;,
  39.498944;3.752574;-2.949248;,
  37.370010;3.549311;-5.820956;,
  37.070848;3.634452;-5.269924;,
  37.043907;3.161760;-5.299435;,
  38.867168;2.588393;-2.501068;,
  38.804141;3.630000;-2.435127;,
  38.804141;3.630000;-2.435127;,
  37.070848;3.634452;-5.269924;,
  37.043907;3.161760;-5.299435;,
  37.421699;2.915725;-5.907336;,
  39.772614;2.768965;-3.234586;,
  38.867168;2.588393;-2.501068;,
  38.867168;2.588393;-2.501068;,
  37.043907;3.161760;-5.299435;,
  37.421699;2.915725;-5.907336;,
  37.370010;3.549311;-5.820956;,
  39.498944;3.752574;-2.949248;,
  39.772614;2.768965;-3.234586;,
  39.772614;2.768965;-3.234586;,
  37.421699;2.915725;-5.907336;,
  37.370010;3.549311;-5.820956;,
  38.498336;-3.160743;0.845573;,
  35.963021;-3.180224;4.010514;,
  36.523536;-3.636700;-2.703305;,
  36.523536;-3.636700;-2.703305;,
  35.963021;-3.180224;4.010514;,
  36.066422;-1.447482;2.572587;,
  -5.810066;40.252208;6.620732;,
  -2.943126;37.477088;26.876480;,
  -15.893085;40.422944;28.764982;,
  -15.893085;40.422944;28.764982;,
  -18.144312;43.786906;2.033444;,
  -5.810066;40.252208;6.620732;,
  -18.144312;43.786906;2.033444;,
  -15.893085;40.422944;28.764982;,
  -27.299344;35.910973;28.557408;,
  -27.299344;35.910973;28.557408;,
  -29.925718;40.103318;-2.907546;,
  -18.144312;43.786906;2.033444;,
  -30.323514;43.320774;30.725875;,
  -32.965917;48.894986;-3.652394;,
  -29.925718;40.103318;-2.907546;,
  -29.925718;40.103318;-2.907546;,
  -27.299344;35.910973;28.557408;,
  -30.323514;43.320774;30.725875;,
  -3.083145;51.212902;8.508876;,
  -11.034808;56.155584;5.847811;,
  -9.929080;51.182096;31.088643;,
  -9.929080;51.182096;31.088643;,
  -1.445240;44.989264;28.734138;,
  -3.083145;51.212902;8.508876;,
  -11.034808;56.155584;5.847811;,
  -22.739584;57.366426;1.270259;,
  -20.661462;50.780317;31.906890;,
  -20.661462;50.780317;31.906890;,
  -9.929080;51.182096;31.088643;,
  -11.034808;56.155584;5.847811;,
  -22.739584;57.366426;1.270259;,
  -32.965917;48.894986;-3.652394;,
  -30.323514;43.320774;30.725875;,
  -30.323514;43.320774;30.725875;,
  -20.661462;50.780317;31.906890;,
  -22.739584;57.366426;1.270259;,
  -4.200904;41.034890;-0.066956;,
  -4.081375;44.484237;11.759962;,
  -14.978309;46.435418;-8.513221;,
  -14.978309;46.435418;-8.513221;,
  -10.815520;43.137766;-31.310486;,
  -4.200904;41.034890;-0.066956;,
  -10.815520;43.137766;-31.310486;,
  -14.978309;46.435418;-8.513221;,
  -26.028806;42.592355;-21.342430;,
  -26.028806;42.592355;-21.342430;,
  -18.201688;39.815571;-57.185248;,
  -10.815520;43.137766;-31.310486;,
  -29.448333;43.002925;30.612822;,
  -31.426765;50.503453;-26.405694;,
  -26.028806;42.592355;-21.342430;,
  -26.028806;42.592355;-21.342430;,
  -26.647261;37.589059;28.943866;,
  -29.448333;43.002925;30.612822;,
  -4.081375;44.484237;11.759962;,
  -11.749122;57.363686;-9.169837;,
  -10.285426;50.265299;30.877558;,
  -10.285426;50.265299;30.877558;,
  -2.625164;44.235427;28.412794;,
  -4.081375;44.484237;11.759962;,
  -2.625164;44.235427;28.412794;,
  -3.518112;37.674246;27.015437;,
  -4.081375;44.484237;11.759962;,
  -11.749122;57.363686;-9.169837;,
  -21.511149;56.284979;-19.594789;,
  -21.482507;48.668016;31.420563;,
  -21.482507;48.668016;31.420563;,
  -10.285426;50.265299;30.877558;,
  -11.749122;57.363686;-9.169837;,
  -21.482507;48.668016;31.420563;,
  -21.511149;56.284979;-19.594789;,
  -31.426765;50.503453;-26.405694;,
  -31.426765;50.503453;-26.405694;,
  -29.448333;43.002925;30.612822;,
  -21.482507;48.668016;31.420563;,
  -4.081375;44.484237;11.759962;,
  -3.518112;37.674246;27.015437;,
  -15.502712;41.426749;28.995981;,
  -15.502712;41.426749;28.995981;,
  -14.978309;46.435418;-8.513221;,
  -4.081375;44.484237;11.759962;,
  -14.978309;46.435418;-8.513221;,
  -15.502712;41.426749;28.995981;,
  -26.647261;37.589059;28.943866;,
  -26.647261;37.589059;28.943866;,
  -26.028806;42.592355;-21.342430;,
  -14.978309;46.435418;-8.513221;,
  -31.426765;50.503453;-26.405694;,
  -29.113104;48.868483;-45.806323;,
  -18.201688;39.815571;-57.185248;,
  -18.201688;39.815571;-57.185248;,
  -26.028806;42.592355;-21.342430;,
  -31.426765;50.503453;-26.405694;,
  -7.451210;54.594874;-30.720781;,
  -13.440666;55.078413;-55.097357;,
  -21.511149;56.284979;-19.594789;,
  -21.511149;56.284979;-19.594789;,
  -11.749122;57.363686;-9.169837;,
  -7.451210;54.594874;-30.720781;,
  -13.440666;55.078413;-55.097357;,
  -29.113104;48.868483;-45.806323;,
  -31.426765;50.503453;-26.405694;,
  -31.426765;50.503453;-26.405694;,
  -21.511149;56.284979;-19.594789;,
  -13.440666;55.078413;-55.097357;,
  -4.449527;48.778995;-5.247692;,
  -7.451210;54.594874;-30.720781;,
  -11.749122;57.363686;-9.169837;,
  -11.749122;57.363686;-9.169837;,
  -4.081375;44.484237;11.759962;,
  -4.449527;48.778995;-5.247692;,
  -30.593779;50.217914;-26.606858;,
  -21.975272;44.611859;-81.785632;,
  -10.658606;41.884397;-78.195859;,
  -10.658606;41.884397;-78.195859;,
  -25.423323;44.150038;-20.983813;,
  -30.593779;50.217914;-26.606858;,
  -11.602748;56.704410;-9.379385;,
  -6.317520;46.304832;6.562738;,
  0.935181;41.187434;-48.397734;,
  0.935181;41.187434;-48.397734;,
  -0.601295;47.044486;-66.933606;,
  -11.602748;56.704410;-9.379385;,
  -0.601295;47.044486;-66.933606;,
  -9.284076;45.416230;-79.005805;,
  -21.406526;55.518259;-19.829074;,
  -21.406526;55.518259;-19.829074;,
  -11.602748;56.704410;-9.379385;,
  -0.601295;47.044486;-66.933606;,
  -21.406526;55.518259;-19.829074;,
  -9.284076;45.416230;-79.005805;,
  -21.975272;44.611859;-81.785632;,
  -21.975272;44.611859;-81.785632;,
  -30.593779;50.217914;-26.606858;,
  -21.406526;55.518259;-19.829074;,
  0.935181;41.187434;-48.397734;,
  -6.317520;46.304832;6.562738;,
  -14.414592;47.885654;-8.179319;,
  -14.414592;47.885654;-8.179319;,
  -2.582088;43.735507;-64.562310;,
  0.935181;41.187434;-48.397734;,
  -2.582088;43.735507;-64.562310;,
  -14.414592;47.885654;-8.179319;,
  -25.423323;44.150038;-20.983813;,
  -25.423323;44.150038;-20.983813;,
  -10.658606;41.884397;-78.195859;,
  -2.582088;43.735507;-64.562310;,
  54.870406;40.422691;28.764886;,
  41.920528;37.476829;26.876554;,
  44.787498;40.252179;6.620788;,
  44.787498;40.252179;6.620788;,
  57.121760;43.786842;2.033493;,
  54.870406;40.422691;28.764886;,
  66.276749;35.910752;28.557498;,
  54.870406;40.422691;28.764886;,
  57.121760;43.786842;2.033493;,
  57.121760;43.786842;2.033493;,
  68.903155;40.103219;-2.907497;,
  66.276749;35.910752;28.557498;,
  68.903155;40.103219;-2.907497;,
  71.943373;48.894886;-3.652331;,
  69.300883;43.320573;30.725949;,
  69.300883;43.320573;30.725949;,
  66.276749;35.910752;28.557498;,
