xof 0303txt 0032
template ColorRGBA {
 <35ff44e0-6c7c-11cf-8f52-0040333594a3>
 FLOAT red;
 FLOAT green;
 FLOAT blue;
 FLOAT alpha;
}

template ColorRGB {
 <d3e16e81-7835-11cf-8f52-0040333594a3>
 FLOAT red;
 FLOAT green;
 FLOAT blue;
}

template Material {
 <3d82ab4d-62da-11cf-ab39-0020af71e433>
 ColorRGBA faceColor;
 FLOAT power;
 ColorRGB specularColor;
 ColorRGB emissiveColor;
 [...]
}

template TextureFilename {
 <a42790e1-7810-11cf-8f52-0040333594a3>
 STRING filename;
}

template Frame {
 <3d82ab46-62da-11cf-ab39-0020af71e433>
 [...]
}

template Matrix4x4 {
 <f6f23f45-7686-11cf-8f52-0040333594a3>
 array FLOAT matrix[16];
}

template FrameTransformMatrix {
 <f6f23f41-7686-11cf-8f52-0040333594a3>
 Matrix4x4 frameMatrix;
}

template Vector {
 <3d82ab5e-62da-11cf-ab39-0020af71e433>
 FLOAT x;
 FLOAT y;
 FLOAT z;
}

template MeshFace {
 <3d82ab5f-62da-11cf-ab39-0020af71e433>
 DWORD nFaceVertexIndices;
 array DWORD faceVertexIndices[nFaceVertexIndices];
}

template Mesh {
 <3d82ab44-62da-11cf-ab39-0020af71e433>
 DWORD nVertices;
 array Vector vertices[nVertices];
 DWORD nFaces;
 array MeshFace faces[nFaces];
 [...]
}

template MeshNormals {
 <f6f23f43-7686-11cf-8f52-0040333594a3>
 DWORD nNormals;
 array Vector normals[nNormals];
 DWORD nFaceNormals;
 array MeshFace faceNormals[nFaceNormals];
}

template MeshMaterialList {
 <f6f23f42-7686-11cf-8f52-0040333594a3>
 DWORD nMaterials;
 DWORD nFaceIndexes;
 array DWORD faceIndexes[nFaceIndexes];
 [Material <3d82ab4d-62da-11cf-ab39-0020af71e433>]
}

template Coords2d {
 <f6f23f44-7686-11cf-8f52-0040333594a3>
 FLOAT u;
 FLOAT v;
}

template MeshTextureCoords {
 <f6f23f40-7686-11cf-8f52-0040333594a3>
 DWORD nTextureCoords;
 array Coords2d textureCoords[nTextureCoords];
}

template XSkinMeshHeader {
 <3cf169ce-ff7c-44ab-93c0-f78f62d172e2>
 WORD nMaxSkinWeightsPerVertex;
 WORD nMaxSkinWeightsPerFace;
 WORD nBones;
}

template SkinWeights {
 <6f0d123b-bad2-4167-a0d0-80224f25fabb>
 STRING transformNodeName;
 DWORD nWeights;
 array DWORD vertexIndices[nWeights];
 array FLOAT weights[nWeights];
 Matrix4x4 matrixOffset;
}

template AnimTicksPerSecond {
 <9e415a43-7ba6-4a73-8743-b73d47e88476>
 DWORD AnimTicksPerSecond;
}

template Animation {
 <3d82ab4f-62da-11cf-ab39-0020af71e433>
 [...]
}

template AnimationSet {
 <3d82ab50-62da-11cf-ab39-0020af71e433>
 [Animation <3d82ab4f-62da-11cf-ab39-0020af71e433>]
}

template FloatKeys {
 <10dd46a9-775b-11cf-8f52-0040333594a3>
 DWORD nValues;
 array FLOAT values[nValues];
}

template TimedFloatKeys {
 <f406b180-7b3b-11cf-8f52-0040333594a3>
 DWORD time;
 FloatKeys tfkeys;
}

template AnimationKey {
 <10dd46a8-775b-11cf-8f52-0040333594a3>
 DWORD keyType;
 DWORD nKeys;
 array TimedFloatKeys keys[nKeys];
}


Material morrighan_skin {
 0.640000;0.640000;0.640000;0.200000;;
 32.642128;
 0.025000;0.025000;0.025000;;
 0.000000;0.000000;0.000000;;

 TextureFilename {
  "morrighan_skin.dds";
 }
}

Material morrighan_wing {
 0.640000;0.640000;0.640000;0.200000;;
 32.642128;
 0.025000;0.025000;0.025000;;
 0.000000;0.000000;0.000000;;

 TextureFilename {
  "morrighan_wing.dds";
 }
}

Material morrighan_metal_01 {
 0.640000;0.640000;0.640000;0.200000;;
 32.642128;
 0.025000;0.025000;0.025000;;
 0.000000;0.000000;0.000000;;

 TextureFilename {
  "morrighan_metal_01.dds";
 }
}

Material morrighan_cloth_01 {
 0.640000;0.640000;0.640000;0.200000;;
 32.642128;
 0.025000;0.025000;0.025000;;
 0.000000;0.000000;0.000000;;

 TextureFilename {
  "morrighan_cloth_01.dds";
 }
}

Material morrighan_hair {
 0.640000;0.640000;0.640000;0.200000;;
 32.642128;
 0.025000;0.025000;0.025000;;
 0.000000;0.000000;0.000000;;

 TextureFilename {
  "morrighan_hair.dds";
 }
}

Material morrighaneye01_eye_add {
 0.640000;0.640000;0.640000;0.200000;;
 32.642128;
 0.025000;0.025000;0.025000;;
 0.000000;0.000000;0.000000;;

 TextureFilename {
  "morrighaneye01_eye_add.dds";
 }
}

Material morrighaneye01_eye {
 0.640000;0.640000;0.640000;0.200000;;
 32.642128;
 0.025000;0.025000;0.025000;;
 0.000000;0.000000;0.000000;;

 TextureFilename {
  "morrighaneye01_eye.dds";
 }
}

Material morrighaneye01_skin {
 0.640000;0.640000;0.640000;0.200000;;
 32.642128;
 0.025000;0.025000;0.025000;;
 0.000000;0.000000;0.000000;;

 TextureFilename {
  "morrighaneye01_skin.dds";
 }
}

Material morrighan_hair_02 {
 0.640000;0.640000;0.640000;0.200000;;
 32.642128;
 0.025000;0.025000;0.025000;;
 0.000000;0.000000;0.000000;;

 TextureFilename {
  "morrighan_hair_02.dds";
 }
}

Frame ARM_morrighan2_framework {
 

 FrameTransformMatrix {
  100.000000,0.000000,0.000000,0.000000,0.000000,100.000000,0.000013,0.000000,0.000000,-0.000013,100.000000,0.000000,0.000000,0.000000,0.000000,1.000000;;
 }

 Frame _0__-com {
  

  FrameTransformMatrix {
   0.999842,-0.011654,-0.013409,0.000000,0.013442,0.002764,0.999906,0.000000,-0.011616,-0.999928,0.002920,0.000000,-0.249195,-0.000000,106.167046,1.000000;;
  }

  Frame _1___body {
   

   FrameTransformMatrix {
    0.000001,-0.000000,1.000000,0.000000,0.997083,-0.076334,-0.000001,0.000000,0.076334,0.997083,0.000000,0.000000,-0.000005,-0.000015,0.063980,1.000000;;
   }

   Frame _3___belt1 {
    

    FrameTransformMatrix {
     -0.743504,0.028737,-0.668101,0.000000,0.061459,0.997784,-0.025477,0.000000,0.665900,-0.060004,-0.743636,0.000000,8.044914,-0.000023,4.071831,1.000000;;
    }

    Frame _7___belt2 {
     

     FrameTransformMatrix {
      0.950186,-0.045043,-0.308412,0.000000,-0.016024,0.981134,-0.192662,0.000000,0.311272,0.188007,0.931538,0.000000,-0.000008,-0.000001,15.431786,1.000000;;
     }

     Frame _11___belt3 {
      

      FrameTransformMatrix {
       -0.994148,-0.033456,0.102705,0.000000,0.043614,-0.994199,0.098312,0.000000,0.098820,0.102216,0.989842,0.000000,0.000004,0.000000,9.400261,1.000000;;
      }

      Frame _20___belt4 {
       

       FrameTransformMatrix {
        0.995729,0.054992,-0.074159,0.000000,-0.046045,0.992018,0.117386,0.000000,0.080023,-0.113470,0.990314,0.000000,-0.000004,-0.000002,10.886390,1.000000;;
       }
      }
     }
    }
   }

   Frame _4___chest1 {
    

    FrameTransformMatrix {
     0.999074,0.035605,0.024164,0.000000,-0.036453,0.998700,0.035639,0.000000,-0.022864,-0.036487,0.999073,0.000000,-0.812768,-0.451748,5.896370,1.000000;;
    }

    Frame _8___chest2 {
     

     FrameTransformMatrix {
      0.987897,-0.054521,0.145214,0.000000,0.044394,0.996410,0.072086,0.000000,-0.148623,-0.064767,0.986771,0.000000,-0.015464,0.000854,11.393539,1.000000;;
     }

     Frame _12___backhair1 {
      

      FrameTransformMatrix {
       -0.804732,0.013255,0.593489,0.000000,0.061230,0.996272,0.060773,0.000000,-0.590471,0.085245,-0.802544,0.000000,-12.076738,-0.000015,1.395256,1.000000;;
      }

      Frame _21___backhair2 {
       

       FrameTransformMatrix {
        0.993258,0.000003,-0.115924,0.000000,0.017630,0.988364,0.151079,0.000000,0.114575,-0.152105,0.981701,0.000000,0.000000,0.000004,35.449309,1.000000;;
       }

       Frame _29___backhair3 {
        

        FrameTransformMatrix {
         0.992893,0.000006,-0.119010,0.000000,0.009781,0.996612,0.081659,0.000000,0.118608,-0.082243,0.989529,0.000000,-0.000229,0.000004,31.946733,1.000000;;
        }
       }
      }
     }

     Frame _13___fronttaill1 {
      

      FrameTransformMatrix {
       -0.028794,0.992841,0.115918,0.000000,0.925869,0.070198,-0.371265,0.000000,-0.376744,0.096634,-0.921262,0.000000,4.987784,11.020977,3.021156,1.000000;;
      }

      Frame _22___fronttaill2 {
       

       FrameTransformMatrix {
        0.999023,-0.016724,-0.040923,0.000000,0.020422,0.995580,0.091667,0.000000,0.039209,-0.092413,0.994948,0.000000,-0.000019,-0.000015,13.540534,1.000000;;
       }

       Frame _30___fronttaill3 {
        

        FrameTransformMatrix {
         0.984715,-0.017821,0.173257,0.000000,-0.020113,0.976462,0.214749,0.000000,-0.173006,-0.214951,0.961179,0.000000,0.000000,-0.000004,13.671371,1.000000;;
        }
       }
      }
     }

     Frame _14___fronttailr1 {
      

      FrameTransformMatrix {
       0.001446,-0.988639,0.150297,0.000000,-0.928207,0.054593,0.368036,0.000000,-0.372060,-0.140039,-0.917583,0.000000,4.987824,-11.020944,3.021156,1.000000;;
      }

      Frame _23___fronttailr2 {
       

       FrameTransformMatrix {
        0.992994,-0.015640,-0.117129,0.000000,0.000358,0.991597,-0.129369,0.000000,0.118168,0.128420,0.984655,0.000000,-0.000019,0.000021,13.540550,1.000000;;
       }

       Frame _31___fronttailr3 {
        

        FrameTransformMatrix {
         0.970905,0.047666,0.234676,0.000000,-0.009728,0.987032,-0.160231,0.000000,-0.239270,0.153286,0.958777,0.000000,-0.000004,0.000000,13.671371,1.000000;;
        }
       }
      }
     }

     Frame _15___neck {
      

      FrameTransformMatrix {
       0.961262,0.000542,-0.275637,0.000000,-0.000002,0.999998,0.001962,0.000000,0.275638,-0.001885,0.961260,0.000000,-0.003666,-0.000003,19.662109,1.000000;;
      }

      Frame _24___claviclel {
       

       FrameTransformMatrix {
        -0.960688,0.026592,-0.276355,0.000000,-0.257986,0.282278,0.923993,0.000000,0.102580,0.958964,-0.264321,0.000000,-0.120804,2.221758,-0.555801,1.000000;;
       }

       Frame _32___arm1l {
        

        FrameTransformMatrix {
         0.985720,0.150509,-0.075517,0.000000,0.012702,0.380727,0.924600,0.000000,0.167912,-0.912356,0.373378,0.000000,0.000006,-0.000015,9.141018,1.000000;;
        }

        Frame _39___arm2l {
         

         FrameTransformMatrix {
          0.931562,0.000000,0.363583,0.000000,-0.000000,1.000000,0.000000,0.000000,-0.363583,-0.000000,0.931562,0.000000,0.000000,0.000002,24.301362,1.000000;;
         }

         Frame _43___sonl {
          

          FrameTransformMatrix {
           0.070163,-0.987476,-0.141306,0.000000,0.974223,0.037387,0.222467,0.000000,-0.214398,-0.153273,0.964646,0.000000,0.000000,0.000002,21.827408,1.000000;;
          }
         }
        }
       }
      }

      Frame _25___clavicler {
       

       FrameTransformMatrix {
        -0.960528,-0.033196,-0.276187,0.000000,0.256509,0.278456,-0.925561,0.000000,0.107631,-0.959874,-0.258950,0.000000,-0.123199,-2.223702,-0.547440,1.000000;;
       }

       Frame _33___arm1r {
        

        FrameTransformMatrix {
         0.965414,-0.129900,-0.226057,0.000000,-0.157507,0.400362,-0.902719,0.000000,0.207768,0.907103,0.366055,0.000000,0.000004,0.000000,9.141020,1.000000;;
        }

        Frame _40___arm2r {
         

         FrameTransformMatrix {
          0.999970,0.000000,-0.007674,0.000000,-0.000000,1.000000,0.000000,0.000000,0.007674,-0.000000,0.999971,0.000000,0.000000,0.000000,24.301331,1.000000;;
         }

         Frame _44___sonr {
          

          FrameTransformMatrix {
           0.025036,0.999643,-0.009323,0.000000,-0.995360,0.025794,0.092694,0.000000,0.092902,0.006959,0.995651,0.000000,0.000001,0.000002,21.827408,1.000000;;
          }
         }
        }
       }
      }

      Frame _26___head {
       

       FrameTransformMatrix {
        0.999672,0.011856,0.022713,0.000000,-0.011254,0.999587,-0.026444,0.000000,-0.023017,0.026180,0.999392,0.000000,0.000000,-0.000000,4.788513,1.000000;;
       }
      }
     }

     Frame _16___wingl1 {
      

      FrameTransformMatrix {
       0.297378,0.946308,0.126754,0.000000,-0.340323,0.229102,-0.911971,0.000000,-0.892046,0.228063,0.390181,0.000000,-4.226786,6.211463,11.285522,1.000000;;
      }

      Frame _27___wingl2 {
       

       FrameTransformMatrix {
        0.826216,0.400022,-0.396673,0.000000,0.391460,0.098696,0.914887,0.000000,0.405125,-0.911176,-0.075048,0.000000,-0.000013,0.000000,18.473794,1.000000;;
       }

       Frame _36___wingl3 {
        

        FrameTransformMatrix {
         0.426728,-0.888723,-0.167558,0.000000,-0.863440,-0.345243,-0.367804,0.000000,0.269028,0.301629,-0.914683,0.000000,-0.000019,0.000027,51.717821,1.000000;;
        }

        Frame _41___wingl4 {
         

         FrameTransformMatrix {
          0.993251,-0.082567,-0.081463,0.000000,0.070798,0.987890,-0.138059,0.000000,0.091875,0.131360,0.987068,0.000000,-0.000008,-0.000004,75.050829,1.000000;;
         }
        }
       }
      }
     }

     Frame _17___wingr1 {
      

      FrameTransformMatrix {
       -0.279526,0.950326,-0.136912,0.000000,-0.355952,-0.235005,-0.904472,0.000000,-0.891719,-0.204089,0.403961,0.000000,-4.226770,-6.211410,11.285522,1.000000;;
      }

      Frame _28___wingr2 {
       

       FrameTransformMatrix {
        0.826216,-0.400022,0.396673,0.000000,-0.391460,0.098697,0.914887,0.000000,-0.405125,-0.911176,-0.075048,0.000000,0.000002,-0.000015,18.473789,1.000000;;
       }

       Frame _37___wingr3 {
        

        FrameTransformMatrix {
         0.436524,0.876241,0.204081,0.000000,0.863622,-0.344516,-0.368056,0.000000,-0.252197,0.336914,-0.907130,0.000000,0.000023,0.000023,51.717850,1.000000;;
        }

        Frame _42___wingr4 {
         

         FrameTransformMatrix {
          -0.991581,-0.085236,-0.097467,0.000000,0.070165,-0.986378,0.148773,0.000000,-0.108821,0.140682,0.984056,0.000000,0.000015,-0.000004,75.050829,1.000000;;
         }
        }
       }
      }
     }
    }
   }

   Frame _5___leg1l {
    

    FrameTransformMatrix {
     0.953164,0.005199,0.302410,0.000000,0.027960,-0.997085,-0.070985,0.000000,0.301160,0.076115,-0.950531,0.000000,0.000013,6.246396,-0.000008,1.000000;;
    }

    Frame _9___leg2l {
     

     FrameTransformMatrix {
      0.552942,-0.000000,0.833220,0.000000,-0.000000,1.000000,0.000000,0.000000,-0.833220,-0.000000,0.552941,0.000000,-0.000004,-0.000001,48.600090,1.000000;;
     }

     Frame _18__-footl {
      

      FrameTransformMatrix {
       0.912178,-0.021295,0.409241,0.000000,0.012841,0.999644,0.023395,0.000000,-0.409593,-0.016086,0.912126,0.000000,-0.000008,-0.000001,48.600086,1.000000;;
      }
     }
    }
   }

   Frame _6___leg1r {
    

    FrameTransformMatrix {
     0.999815,-0.008467,-0.017260,0.000000,-0.010570,-0.992014,-0.125674,0.000000,-0.016058,0.125834,-0.991921,0.000000,-0.000004,-6.246393,0.000008,1.000000;;
    }

    Frame _10___leg2r {
     

     FrameTransformMatrix {
      0.995744,-0.000000,0.092166,0.000000,0.000000,1.000000,0.000000,0.000000,-0.092166,-0.000000,0.995744,0.000000,0.000000,0.000001,48.600090,1.000000;;
     }

     Frame _19__-footr {
      

      FrameTransformMatrix {
       0.992210,-0.021513,-0.122707,0.000000,0.014911,0.998404,-0.054474,0.000000,0.123683,0.052220,0.990947,0.000000,0.000000,0.000000,48.600099,1.000000;;
      }
     }
    }
   }
  }
 }
}

Frame morrighaneye02_mesh_sonr___subgroup0 {
 

 FrameTransformMatrix {
  100.000026,0.000196,-0.000116,0.000000,-0.000196,100.000013,0.000016,0.000000,0.000116,-0.000016,100.000013,0.000000,-1948.86515,315.589862,8794.6488,1.000000;;
 }

 Mesh morrighaneye02_mesh_sonr___subgroup0 {
  7739;
  -0.755482;3.980229;1.406449;,
  1.485687;3.006702;7.492657;,
  0.219999;3.696236;0.750122;,
  1.485687;3.006702;7.492657;,
  -0.755482;3.980229;1.406449;,
  -0.451397;2.920812;7.760090;,
  0.789124;-3.160686;0.861687;,
  3.014256;-3.004639;4.010438;,
  0.530598;-2.570266;6.682992;,
  0.530598;-2.570266;6.682992;,
  -2.230272;-2.814941;0.982651;,
  0.789124;-3.160686;0.861687;,
  -0.296185;-1.481330;-0.441582;,
  1.485687;3.006702;7.492657;,
  2.381615;0.163159;7.370738;,
  0.530598;-2.570266;6.682992;,
  3.014256;-3.004639;4.010438;,
  2.381615;0.163159;7.370738;,
  -2.564671;-1.147461;0.831146;,
  -2.230272;-2.814941;0.982651;,
  -1.334137;0.621651;7.882266;,
  0.530598;-2.570266;6.682992;,
  -1.334137;0.621651;7.882266;,
  -2.230272;-2.814941;0.982651;,
  1.601046;-2.753843;-2.804756;,
  2.639013;-3.205565;-2.715256;,
  0.789124;-3.160686;0.861687;,
  3.014256;-3.004639;4.010438;,
  2.910868;-1.447434;2.572502;,
  2.381615;0.163159;7.370738;,
  0.401468;2.407395;0.109726;,
  0.219999;3.696236;0.750122;,
  1.485687;3.006702;7.492657;,
  2.381615;0.163159;7.370738;,
  2.910868;-1.447434;2.572502;,
  -0.296185;-1.481330;-0.441582;,
  2.291714;-2.196878;-2.749039;,
  2.910868;-1.447434;2.572502;,
  2.639013;-3.205565;-2.715256;,
  1.601046;-2.753843;-2.804756;,
  0.789124;-3.160686;0.861687;,
  2.910868;-1.447434;2.572502;,
  2.910868;-1.447434;2.572502;,
  2.291714;-2.196878;-2.749039;,
  1.601046;-2.753843;-2.804756;,
  2.639013;-3.205565;-2.715256;,
  1.601046;-2.753843;-2.804756;,
  2.291714;-2.196878;-2.749039;,
  0.530598;-2.570266;6.682992;,
  2.381615;0.163159;7.370738;,
  0.798218;-1.735285;8.626044;,
  -1.334137;0.621651;7.882266;,
  0.530598;-2.570266;6.682992;,
  0.798218;-1.735285;8.626044;,
  -1.334137;0.621651;7.882266;,
  -0.451397;2.920812;7.760090;,
  -0.755482;3.980229;1.406449;,
  1.665407;-2.615828;-7.360017;,
  1.928583;-2.761224;-6.653848;,
  1.854193;-3.245800;-6.663186;,
  1.854193;-3.245800;-6.663186;,
  1.527096;-3.299362;-7.399392;,
  1.665407;-2.615828;-7.360017;,
  -1.596479;2.682982;1.078468;,
  -2.305212;0.762988;0.894783;,
  -1.334137;0.621651;7.882266;,
  1.850218;1.309195;-6.182794;,
  1.399736;1.313796;-7.012696;,
  1.532108;2.105097;-6.899682;,
  1.532108;2.105097;-6.899682;,
  1.918940;1.837771;-6.147942;,
  1.850218;1.309195;-6.182794;,
  0.789124;-3.160686;0.861687;,
  -0.296185;-1.481330;-0.441582;,
  2.910868;-1.447434;2.572502;,
  -0.755482;3.980229;1.406449;,
  -1.596479;2.682982;1.078468;,
  -1.334137;0.621651;7.882266;,
  2.358219;2.922235;-4.824212;,
  1.742592;2.868805;-5.698326;,
  1.847399;3.495358;-5.608818;,
  1.847399;3.495358;-5.608818;,
  2.423079;3.390956;-4.790596;,
  2.358219;2.922235;-4.824212;,
  -2.305212;0.762988;0.894783;,
  -2.564671;-1.147461;0.831146;,
  -1.334137;0.621651;7.882266;,
  2.025229;-1.031569;-7.259965;,
  1.569584;-1.095351;-8.245797;,
  1.761133;-0.123860;-8.188676;,
  1.761133;-0.123860;-8.188676;,
  2.141226;-0.325872;-7.269853;,
  2.025229;-1.031569;-7.259965;,
  -0.395939;0.427430;-0.269547;,
  1.485687;3.006702;7.492657;,
  -0.296185;-1.481330;-0.441582;,
  -0.395939;0.427430;-0.269547;,
  0.401468;2.407395;0.109726;,
  1.485687;3.006702;7.492657;,
  -0.897139;-3.179150;-3.837807;,
  0.191566;-3.314802;-3.103981;,
  0.789124;-3.160686;0.861687;,
  0.789124;-3.160686;0.861687;,
  -2.230272;-2.814941;0.982651;,
  -0.897139;-3.179150;-3.837807;,
  -0.670277;-2.077552;-3.760987;,
  -0.897139;-3.179150;-3.837807;,
  -2.564671;-1.147461;0.831146;,
  0.367283;-2.223941;-3.118569;,
  -0.670277;-2.077552;-3.760987;,
  -2.564671;-1.147461;0.831146;,
  -2.564671;-1.147461;0.831146;,
  -0.296185;-1.481330;-0.441582;,
  0.367283;-2.223941;-3.118569;,
  0.191566;-3.314802;-3.103981;,
  0.367283;-2.223941;-3.118569;,
  -0.296185;-1.481330;-0.441582;,
  -0.296185;-1.481330;-0.441582;,
  0.789124;-3.160686;0.861687;,
  0.191566;-3.314802;-3.103981;,
  1.527096;-3.299362;-7.399392;,
  1.854193;-3.245800;-6.663186;,
  0.191566;-3.314802;-3.103981;,
  0.191566;-3.314802;-3.103981;,
  -0.897139;-3.179150;-3.837807;,
  1.527096;-3.299362;-7.399392;,
  1.665407;-2.615828;-7.360017;,
  1.527096;-3.299362;-7.399392;,
  -0.897139;-3.179150;-3.837807;,
  -0.897139;-3.179150;-3.837807;,
  -0.670277;-2.077552;-3.760987;,
  1.665407;-2.615828;-7.360017;,
  1.928583;-2.761224;-6.653848;,
  1.665407;-2.615828;-7.360017;,
  -0.670277;-2.077552;-3.760987;,
  -0.670277;-2.077552;-3.760987;,
  0.367283;-2.223941;-3.118569;,
  1.928583;-2.761224;-6.653848;,
  1.854193;-3.245800;-6.663186;,
  1.928583;-2.761224;-6.653848;,
  0.367283;-2.223941;-3.118569;,
  0.367283;-2.223941;-3.118569;,
  0.191566;-3.314802;-3.103981;,
  1.854193;-3.245800;-6.663186;,
  -0.565741;0.328804;-4.266961;,
  -0.812767;-0.927699;-4.355340;,
  -2.564671;-1.147461;0.831146;,
  -2.564671;-1.147461;0.831146;,
  -2.305212;0.762988;0.894783;,
  -0.565741;0.328804;-4.266961;,
  0.425447;0.113829;-3.578400;,
  -0.565741;0.328804;-4.266961;,
  -2.305212;0.762988;0.894783;,
  -2.305212;0.762988;0.894783;,
  -0.395939;0.427430;-0.269547;,
  0.425447;0.113829;-3.578400;,
  0.244072;-0.988878;-3.561822;,
  0.425447;0.113829;-3.578400;,
  -0.395939;0.427430;-0.269547;,
  -0.395939;0.427430;-0.269547;,
  -0.296185;-1.481330;-0.441582;,
  0.244072;-0.988878;-3.561822;,
  -0.812767;-0.927699;-4.355340;,
  0.244072;-0.988878;-3.561822;,
  -0.296185;-1.481330;-0.441582;,
  -0.296185;-1.481330;-0.441582;,
  -2.564671;-1.147461;0.831146;,
  -0.812767;-0.927699;-4.355340;,
  1.761133;-0.123860;-8.188676;,
  1.569584;-1.095351;-8.245797;,
  -0.812767;-0.927699;-4.355340;,
  -0.812767;-0.927699;-4.355340;,
  -0.565741;0.328804;-4.266961;,
  1.761133;-0.123860;-8.188676;,
  2.141226;-0.325872;-7.269853;,
  1.761133;-0.123860;-8.188676;,
  -0.565741;0.328804;-4.266961;,
  -0.565741;0.328804;-4.266961;,
  0.425447;0.113829;-3.578400;,
  2.141226;-0.325872;-7.269853;,
  2.025229;-1.031569;-7.259965;,
  2.141226;-0.325872;-7.269853;,
  0.425447;0.113829;-3.578400;,
  0.425447;0.113829;-3.578400;,
  0.244072;-0.988878;-3.561822;,
  2.025229;-1.031569;-7.259965;,
  1.569584;-1.095351;-8.245797;,
  2.025229;-1.031569;-7.259965;,
  0.244072;-0.988878;-3.561822;,
  0.244072;-0.988878;-3.561822;,
  -0.812767;-0.927699;-4.355340;,
  1.569584;-1.095351;-8.245797;,
  0.420704;0.869761;-3.255402;,
  0.582674;2.080988;-3.172455;,
  0.401468;2.407395;0.109726;,
  0.401468;2.407395;0.109726;,
  -0.395939;0.427430;-0.269547;,
  0.420704;0.869761;-3.255402;,
  -0.713156;1.110600;-3.966675;,
  0.420704;0.869761;-3.255402;,
  -0.395939;0.427430;-0.269547;,
  -0.395939;0.427430;-0.269547;,
  -2.305212;0.762988;0.894783;,
  -0.713156;1.110600;-3.966675;,
  -0.513950;2.294089;-3.791443;,
  -0.713156;1.110600;-3.966675;,
  -2.305212;0.762988;0.894783;,
  -2.305212;0.762988;0.894783;,
  -1.596479;2.682982;1.078468;,
  -0.513950;2.294089;-3.791443;,
  0.582674;2.080988;-3.172455;,
  -0.513950;2.294089;-3.791443;,
  -1.596479;2.682982;1.078468;,
  -1.596479;2.682982;1.078468;,
  0.401468;2.407395;0.109726;,
  0.582674;2.080988;-3.172455;,
  1.850218;1.309195;-6.182794;,
  1.918940;1.837771;-6.147942;,
  0.582674;2.080988;-3.172455;,
  0.582674;2.080988;-3.172455;,
  0.420704;0.869761;-3.255402;,
  1.850218;1.309195;-6.182794;,
  1.399736;1.313796;-7.012696;,
  1.850218;1.309195;-6.182794;,
  0.420704;0.869761;-3.255402;,
  0.420704;0.869761;-3.255402;,
  -0.713156;1.110600;-3.966675;,
  1.399736;1.313796;-7.012696;,
  1.532108;2.105097;-6.899682;,
  1.399736;1.313796;-7.012696;,
  -0.713156;1.110600;-3.966675;,
  -0.713156;1.110600;-3.966675;,
  -0.513950;2.294089;-3.791443;,
  1.532108;2.105097;-6.899682;,
  1.918940;1.837771;-6.147942;,
  1.532108;2.105097;-6.899682;,
  -0.513950;2.294089;-3.791443;,
  -0.513950;2.294089;-3.791443;,
  0.582674;2.080988;-3.172455;,
  1.918940;1.837771;-6.147942;,
  0.990831;3.634050;-2.393273;,
  -0.239248;3.823340;-2.528435;,
  -0.755482;3.980229;1.406449;,
  -0.755482;3.980229;1.406449;,
  0.219999;3.696236;0.750122;,
  0.990831;3.634050;-2.393273;,
  0.860033;2.599032;-2.463242;,
  0.990831;3.634050;-2.393273;,
  0.219999;3.696236;0.750122;,
  0.219999;3.696236;0.750122;,
  0.401468;2.407395;0.109726;,
  0.860033;2.599032;-2.463242;,
  -0.141586;2.778427;-2.676140;,
  0.860033;2.599032;-2.463242;,
  0.401468;2.407395;0.109726;,
  0.401468;2.407395;0.109726;,
  -1.596479;2.682982;1.078468;,
  -0.141586;2.778427;-2.676140;,
  -0.239248;3.823340;-2.528435;,
  -0.141586;2.778427;-2.676140;,
  -1.596479;2.682982;1.078468;,
  -1.596479;2.682982;1.078468;,
  -0.755482;3.980229;1.406449;,
  -0.239248;3.823340;-2.528435;,
  2.423079;3.390956;-4.790596;,
  1.847399;3.495358;-5.608818;,
  -0.239248;3.823340;-2.528435;,
  -0.239248;3.823340;-2.528435;,
  0.990831;3.634050;-2.393273;,
  2.423079;3.390956;-4.790596;,
  2.358219;2.922235;-4.824212;,
  2.423079;3.390956;-4.790596;,
  0.990831;3.634050;-2.393273;,
  0.990831;3.634050;-2.393273;,
  0.860033;2.599032;-2.463242;,
  2.358219;2.922235;-4.824212;,
  1.742592;2.868805;-5.698326;,
  2.358219;2.922235;-4.824212;,
  0.860033;2.599032;-2.463242;,
  0.860033;2.599032;-2.463242;,
  -0.141586;2.778427;-2.676140;,
  1.742592;2.868805;-5.698326;,
  1.847399;3.495358;-5.608818;,
  1.742592;2.868805;-5.698326;,
  -0.141586;2.778427;-2.676140;,
  -0.141586;2.778427;-2.676140;,
  -0.239248;3.823340;-2.528435;,
  1.847399;3.495358;-5.608818;,
  -0.897139;-3.179150;-3.837807;,
  -2.230272;-2.814941;0.982651;,
  -2.564671;-1.147461;0.831146;,
  2.639013;-3.205565;-2.715256;,
  3.014256;-3.004639;4.010438;,
  0.789124;-3.160686;0.861687;,
  2.910868;-1.447434;2.572502;,
  3.014256;-3.004639;4.010438;,
  2.639013;-3.205565;-2.715256;,
  40.195437;3.898752;1.406542;,
  39.204451;3.674807;0.750206;,
  37.491536;3.006710;7.492687;,
  37.491536;3.006710;7.492687;,
  39.428694;2.920750;7.760136;,
  40.195437;3.898752;1.406542;,
  38.498339;-3.160743;0.845573;,
  38.446678;-2.570320;6.683082;,
  35.963024;-3.180225;4.010515;,
  38.446678;-2.570320;6.683082;,
  38.498339;-3.160743;0.845573;,
  41.252867;-2.973744;0.982748;,
  39.403763;-1.524608;-0.441489;,
  36.595619;0.163165;7.370761;,
  37.491536;3.006710;7.492687;,
  38.446678;-2.570320;6.683082;,
  36.595619;0.163165;7.370761;,
  35.963024;-3.180225;4.010515;,
  41.688384;-1.329776;0.831244;,
  40.311370;0.621667;7.882282;,
  41.252867;-2.973744;0.982748;,
  38.446678;-2.570320;6.683082;,
  41.252867;-2.973744;0.982748;,
  40.311370;0.621667;7.882282;,
  37.332973;-3.122237;-2.792827;,
  38.498339;-3.160743;0.845573;,
  36.523539;-3.636701;-2.703306;,
  35.963024;-3.180225;4.010515;,
  36.595619;0.163165;7.370761;,
  36.066426;-1.447483;2.572587;,
  38.944682;2.399441;0.109817;,
  37.491536;3.006710;7.492687;,
  39.204451;3.674807;0.750206;,
  36.595619;0.163165;7.370761;,
  39.403763;-1.524608;-0.441489;,
  36.066426;-1.447483;2.572587;,
  36.642304;-2.791955;-2.737088;,
  36.523539;-3.636701;-2.703306;,
  36.066426;-1.447483;2.572587;,
  37.332973;-3.122237;-2.792827;,
  36.642304;-2.791955;-2.737088;,
  36.066426;-1.447483;2.572587;,
  36.066426;-1.447483;2.572587;,
  38.498339;-3.160743;0.845573;,
  37.332973;-3.122237;-2.792827;,
  36.523539;-3.636701;-2.703306;,
  36.642304;-2.791955;-2.737088;,
  37.332973;-3.122237;-2.792827;,
  38.446678;-2.570320;6.683082;,
  38.179024;-1.735268;8.626066;,
  36.595619;0.163165;7.370761;,
  40.311370;0.621667;7.882282;,
  38.179024;-1.735268;8.626066;,
  38.446678;-2.570320;6.683082;,
  40.311370;0.621667;7.882282;,
  40.195437;3.898752;1.406542;,
  39.428694;2.920750;7.760136;,
  37.006726;-2.582721;-7.321042;,
  37.096378;-3.274242;-7.361790;,
  36.899658;-3.185292;-6.583806;,
  36.899658;-3.185292;-6.583806;,
  36.856307;-2.696915;-6.577138;,
  37.006726;-2.582721;-7.321042;,
  40.955718;2.552607;1.078564;,
  40.311370;0.621667;7.882282;,
  41.545978;0.592945;0.894880;,
  37.249610;1.369332;-6.249546;,
  37.218646;1.901778;-6.219998;,
  37.490365;2.128955;-7.032870;,
  37.490365;2.128955;-7.032870;,
  37.555648;1.328769;-7.141955;,
  37.249610;1.369332;-6.249546;,
  38.498339;-3.160743;0.845573;,
  36.066426;-1.447483;2.572587;,
  39.403763;-1.524608;-0.441489;,
  40.195437;3.898752;1.406542;,
  40.311370;0.621667;7.882282;,
  40.955718;2.552607;1.078564;,
  37.043910;3.161761;-5.299436;,
  37.070851;3.634453;-5.269925;,
  37.370013;3.549312;-5.820957;,
  37.370013;3.549312;-5.820957;,
  37.421702;2.915726;-5.907337;,
  37.043910;3.161761;-5.299436;,
  41.545978;0.592945;0.894880;,
  40.311370;0.621667;7.882282;,
  41.688384;-1.329776;0.831244;,
  36.761754;-0.977309;-7.211507;,
  36.687187;-0.266076;-7.223691;,
  36.920723;-0.107052;-8.198209;,
  36.920723;-0.107052;-8.198209;,
  37.043008;-1.089604;-8.256420;,
  36.761754;-0.977309;-7.211507;,
  39.619795;0.374509;-0.269469;,
  39.403763;-1.524608;-0.441489;,
  37.491536;3.006710;7.492687;,
  39.619795;0.374509;-0.269469;,
  37.491536;3.006710;7.492687;,
  38.944682;2.399441;0.109817;,
  40.080733;-3.233745;-4.252393;,
  41.252867;-2.973744;0.982748;,
  38.498339;-3.160743;0.845573;,
  38.498339;-3.160743;0.845573;,
  39.122819;-3.285888;-3.345832;,
  40.080733;-3.233745;-4.252393;,
  39.934566;-2.118752;-4.172926;,
  41.688384;-1.329776;0.831244;,
  41.252867;-2.973744;0.982748;,
  41.252867;-2.973744;0.982748;,
  40.080733;-3.233745;-4.252393;,
  39.934566;-2.118752;-4.172926;,
  39.011206;-2.186679;-3.364547;,
  39.403763;-1.524608;-0.441489;,
  41.688384;-1.329776;0.831244;,
  41.688384;-1.329776;0.831244;,
  39.934566;-2.118752;-4.172926;,
  39.011206;-2.186679;-3.364547;,
  39.122819;-3.285888;-3.345832;,
  38.498339;-3.160743;0.845573;,
  39.403763;-1.524608;-0.441489;,
  39.403763;-1.524608;-0.441489;,
  39.011206;-2.186679;-3.364547;,
  39.122819;-3.285888;-3.345832;,
  37.096378;-3.274242;-7.361790;,
  40.080733;-3.233745;-4.252393;,
  39.122819;-3.285888;-3.345832;,
  39.122819;-3.285888;-3.345832;,
  36.899658;-3.185292;-6.583806;,
  37.096378;-3.274242;-7.361790;,
  37.006726;-2.582721;-7.321042;,
  39.934566;-2.118752;-4.172926;,
  40.080733;-3.233745;-4.252393;,
  40.080733;-3.233745;-4.252393;,
  37.096378;-3.274242;-7.361790;,
  37.006726;-2.582721;-7.321042;,
  36.856307;-2.696915;-6.577138;,
  39.011206;-2.186679;-3.364547;,
  39.934566;-2.118752;-4.172926;,
  39.934566;-2.118752;-4.172926;,
  37.006726;-2.582721;-7.321042;,
  36.856307;-2.696915;-6.577138;,
  36.899658;-3.185292;-6.583806;,
  39.122819;-3.285888;-3.345832;,
  39.011206;-2.186679;-3.364547;,
  39.011206;-2.186679;-3.364547;,
  36.856307;-2.696915;-6.577138;,
  36.899658;-3.185292;-6.583806;,
  39.888419;0.278614;-4.727880;,
  41.545978;0.592945;0.894880;,
  41.688384;-1.329776;0.831244;,
  41.688384;-1.329776;0.831244;,
  40.043462;-0.992444;-4.817350;,
  39.888419;0.278614;-4.727880;,
  39.014355;0.140284;-3.879555;,
  39.619795;0.374509;-0.269469;,
  41.545978;0.592945;0.894880;,
  41.545978;0.592945;0.894880;,
  39.888419;0.278614;-4.727880;,
  39.014355;0.140284;-3.879555;,
  39.131171;-0.971060;-3.859436;,
  39.403763;-1.524608;-0.441489;,
  39.619795;0.374509;-0.269469;,
  39.619795;0.374509;-0.269469;,
  39.014355;0.140284;-3.879555;,
  39.131171;-0.971060;-3.859436;,
  40.043462;-0.992444;-4.817350;,
  41.688384;-1.329776;0.831244;,
  39.403763;-1.524608;-0.441489;,
  39.403763;-1.524608;-0.441489;,
  39.131171;-0.971060;-3.859436;,
  40.043462;-0.992444;-4.817350;,
  36.920723;-0.107052;-8.198209;,
  39.888419;0.278614;-4.727880;,
  40.043462;-0.992444;-4.817350;,
  40.043462;-0.992444;-4.817350;,
  37.043008;-1.089604;-8.256420;,
  36.920723;-0.107052;-8.198209;,
  36.687187;-0.266076;-7.223691;,
  39.014355;0.140284;-3.879555;,
  39.888419;0.278614;-4.727880;,
  39.888419;0.278614;-4.727880;,
  36.920723;-0.107052;-8.198209;,
  36.687187;-0.266076;-7.223691;,
  36.761754;-0.977309;-7.211507;,
  39.131171;-0.971060;-3.859436;,
  39.014355;0.140284;-3.879555;,
  39.014355;0.140284;-3.879555;,
  36.687187;-0.266076;-7.223691;,
  36.761754;-0.977309;-7.211507;,
  37.043008;-1.089604;-8.256420;,
  40.043462;-0.992444;-4.817350;,
  39.131171;-0.971060;-3.859436;,
  39.131171;-0.971060;-3.859436;,
  36.761754;-0.977309;-7.211507;,
  37.043008;-1.089604;-8.256420;,
  39.116813;0.900853;-3.584900;,
  39.619795;0.374509;-0.269469;,
  38.944682;2.399441;0.109817;,
  38.944682;2.399441;0.109817;,
  39.041949;2.121292;-3.513397;,
  39.116813;0.900853;-3.584900;,
  40.129062;1.055584;-4.479863;,
  41.545978;0.592945;0.894880;,
  39.619795;0.374509;-0.269469;,
  39.619795;0.374509;-0.269469;,
  39.116813;0.900853;-3.584900;,
  40.129062;1.055584;-4.479863;,
  40.031242;2.252559;-4.310400;,
  40.955718;2.552607;1.078564;,
  41.545978;0.592945;0.894880;,
  41.545978;0.592945;0.894880;,
  40.129062;1.055584;-4.479863;,
  40.031242;2.252559;-4.310400;,
  39.041949;2.121292;-3.513397;,
  38.944682;2.399441;0.109817;,
  40.955718;2.552607;1.078564;,
  40.955718;2.552607;1.078564;,
  40.031242;2.252559;-4.310400;,
  39.041949;2.121292;-3.513397;,
  37.249610;1.369332;-6.249546;,
  39.116813;0.900853;-3.584900;,
  39.041949;2.121292;-3.513397;,
  39.041949;2.121292;-3.513397;,
  37.218646;1.901778;-6.219998;,
  37.249610;1.369332;-6.249546;,
  37.555648;1.328769;-7.141955;,
  40.129062;1.055584;-4.479863;,
  39.116813;0.900853;-3.584900;,
  39.116813;0.900853;-3.584900;,
  37.249610;1.369332;-6.249546;,
  37.555648;1.328769;-7.141955;,
  37.490365;2.128955;-7.032870;,
  40.031242;2.252559;-4.310400;,
  40.129062;1.055584;-4.479863;,
  40.129062;1.055584;-4.479863;,
  37.555648;1.328769;-7.141955;,
  37.490365;2.128955;-7.032870;,
  37.218646;1.901778;-6.219998;,
  39.041949;2.121292;-3.513397;,
  40.031242;2.252559;-4.310400;,
  40.031242;2.252559;-4.310400;,
  37.490365;2.128955;-7.032870;,
  37.218646;1.901778;-6.219998;,
  38.804147;3.630000;-2.435128;,
  39.204451;3.674807;0.750206;,
  40.195437;3.898752;1.406542;,
  40.195437;3.898752;1.406542;,
  39.498947;3.752574;-2.949248;,
  38.804147;3.630000;-2.435128;,
  38.867171;2.588393;-2.501069;,
  38.944682;2.399441;0.109817;,
  39.204451;3.674807;0.750206;,
  39.204451;3.674807;0.750206;,
  38.804147;3.630000;-2.435128;,
  38.867171;2.588393;-2.501069;,
  39.772618;2.768966;-3.234587;,
  40.955718;2.552607;1.078564;,
  38.944682;2.399441;0.109817;,
  38.944682;2.399441;0.109817;,
  38.867171;2.588393;-2.501069;,
  39.772618;2.768966;-3.234587;,
  39.498947;3.752574;-2.949248;,
  40.195437;3.898752;1.406542;,
  40.955718;2.552607;1.078564;,
  40.955718;2.552607;1.078564;,
  39.772618;2.768966;-3.234587;,
  39.498947;3.752574;-2.949248;,
  37.070851;3.634453;-5.269925;,
  38.804147;3.630000;-2.435128;,
  39.498947;3.752574;-2.949248;,
  39.498947;3.752574;-2.949248;,
  37.370013;3.549312;-5.820957;,
  37.070851;3.634453;-5.269925;,
  37.043910;3.161761;-5.299436;,
  38.867171;2.588393;-2.501069;,
  38.804147;3.630000;-2.435128;,
  38.804147;3.630000;-2.435128;,
  37.070851;3.634453;-5.269925;,
  37.043910;3.161761;-5.299436;,
  37.421702;2.915726;-5.907337;,
  39.772618;2.768966;-3.234587;,
  38.867171;2.588393;-2.501069;,
  38.867171;2.588393;-2.501069;,
  37.043910;3.161761;-5.299436;,
  37.421702;2.915726;-5.907337;,
  37.370013;3.549312;-5.820957;,
  39.498947;3.752574;-2.949248;,
  39.772618;2.768966;-3.234587;,
  39.772618;2.768966;-3.234587;,
  37.421702;2.915726;-5.907337;,
  37.370013;3.549312;-5.820957;,
  38.498339;-3.160743;0.845573;,
  35.963024;-3.180225;4.010515;,
  36.523539;-3.636701;-2.703306;,
  36.523539;-3.636701;-2.703306;,
  35.963024;-3.180225;4.010515;,
  36.066426;-1.447483;2.572587;,
  -5.810066;40.252218;6.620733;,
  -2.943127;37.477098;26.876486;,
  -15.893085;40.422950;28.764989;,
  -15.893085;40.422950;28.764989;,
  -18.144314;43.786915;2.033445;,
  -5.810066;40.252218;6.620733;,
  -18.144314;43.786915;2.033445;,
  -15.893085;40.422950;28.764989;,
  -27.299347;35.910979;28.557414;,
  -27.299347;35.910979;28.557414;,
  -29.925722;40.103325;-2.907547;,
  -18.144314;43.786915;2.033445;,
  -30.323517;43.320781;30.725878;,
  -32.965920;48.894995;-3.652395;,
  -29.925722;40.103325;-2.907547;,
  -29.925722;40.103325;-2.907547;,
  -27.299347;35.910979;28.557414;,
  -30.323517;43.320781;30.725878;,
  -3.083145;51.212912;8.508878;,
  -11.034809;56.155597;5.847812;,
  -9.929081;51.182106;31.088646;,
  -9.929081;51.182106;31.088646;,
  -1.445240;44.989274;28.734144;,
  -3.083145;51.212912;8.508878;,
  -11.034809;56.155597;5.847812;,
  -22.739586;57.366438;1.270259;,
  -20.661464;50.780326;31.906896;,
  -20.661464;50.780326;31.906896;,
  -9.929081;51.182106;31.088646;,
  -11.034809;56.155597;5.847812;,
  -22.739586;57.366438;1.270259;,
  -32.965920;48.894995;-3.652395;,
  -30.323517;43.320781;30.725878;,
  -30.323517;43.320781;30.725878;,
  -20.661464;50.780326;31.906896;,
  -22.739586;57.366438;1.270259;,
  -4.200905;41.034896;-0.066956;,
  -4.081375;44.484246;11.759964;,
  -14.978310;46.435424;-8.513222;,
  -14.978310;46.435424;-8.513222;,
  -10.815522;43.137776;-31.310493;,
  -4.200905;41.034896;-0.066956;,
  -10.815522;43.137776;-31.310493;,
  -14.978310;46.435424;-8.513222;,
  -26.028808;42.592362;-21.342434;,
  -26.028808;42.592362;-21.342434;,
  -18.201691;39.815578;-57.185261;,
  -10.815522;43.137776;-31.310493;,
  -29.448333;43.002934;30.612829;,
  -31.426765;50.503462;-26.405701;,
  -26.028808;42.592362;-21.342434;,
  -26.028808;42.592362;-21.342434;,
  -26.647262;37.589066;28.943872;,
  -29.448333;43.002934;30.612829;,
  -4.081375;44.484246;11.759964;,
  -11.749122;57.363699;-9.169839;,
  -10.285427;50.265312;30.877565;,
  -10.285427;50.265312;30.877565;,
  -2.625164;44.235437;28.412800;,
  -4.081375;44.484246;11.759964;,
  -2.625164;44.235437;28.412800;,
  -3.518112;37.674256;27.015443;,
  -4.081375;44.484246;11.759964;,
  -11.749122;57.363699;-9.169839;,
  -21.511150;56.284986;-19.594794;,
  -21.482510;48.668026;31.420570;,
  -21.482510;48.668026;31.420570;,
  -10.285427;50.265312;30.877565;,
  -11.749122;57.363699;-9.169839;,
  -21.482510;48.668026;31.420570;,
  -21.511150;56.284986;-19.594794;,
  -31.426765;50.503462;-26.405701;,
  -31.426765;50.503462;-26.405701;,
  -29.448333;43.002934;30.612829;,
  -21.482510;48.668026;31.420570;,
  -4.081375;44.484246;11.759964;,
  -3.518112;37.674256;27.015443;,
  -15.502712;41.426758;28.995984;,
  -15.502712;41.426758;28.995984;,
  -14.978310;46.435424;-8.513222;,
  -4.081375;44.484246;11.759964;,
  -14.978310;46.435424;-8.513222;,
  -15.502712;41.426758;28.995984;,
  -26.647262;37.589066;28.943872;,
  -26.647262;37.589066;28.943872;,
  -26.028808;42.592362;-21.342434;,
  -14.978310;46.435424;-8.513222;,
  -31.426765;50.503462;-26.405701;,
  -29.113107;48.868496;-45.806333;,
  -18.201691;39.815578;-57.185261;,
  -18.201691;39.815578;-57.185261;,
  -26.028808;42.592362;-21.342434;,
  -31.426765;50.503462;-26.405701;,
  -7.451210;54.594886;-30.720784;,
  -13.440666;55.078426;-55.097363;,
  -21.511150;56.284986;-19.594794;,
  -21.511150;56.284986;-19.594794;,
  -11.749122;57.363699;-9.169839;,
  -7.451210;54.594886;-30.720784;,
  -13.440666;55.078426;-55.097363;,
  -29.113107;48.868496;-45.806333;,
  -31.426765;50.503462;-26.405701;,
  -31.426765;50.503462;-26.405701;,
  -21.511150;56.284986;-19.594794;,
  -13.440666;55.078426;-55.097363;,
  -4.449528;48.779008;-5.247694;,
  -7.451210;54.594886;-30.720784;,
  -11.749122;57.363699;-9.169839;,
  -11.749122;57.363699;-9.169839;,
  -4.081375;44.484246;11.759964;,
  -4.449528;48.779008;-5.247694;,
  -30.593779;50.217926;-26.606862;,
  -21.975274;44.611866;-81.785645;,
  -10.658607;41.884403;-78.195878;,
  -10.658607;41.884403;-78.195878;,
  -25.423325;44.150048;-20.983816;,
  -30.593779;50.217926;-26.606862;,
  -11.602749;56.704422;-9.379387;,
  -6.317520;46.304842;6.562739;,
  0.935181;41.187443;-48.397747;,
  0.935181;41.187443;-48.397747;,
  -0.601295;47.044496;-66.933626;,
  -11.602749;56.704422;-9.379387;,
  -0.601295;47.044496;-66.933626;,
  -9.284077;45.416237;-79.005824;,
  -21.406528;55.518272;-19.829077;,
  -21.406528;55.518272;-19.829077;,
  -11.602749;56.704422;-9.379387;,
  -0.601295;47.044496;-66.933626;,
  -21.406528;55.518272;-19.829077;,
  -9.284077;45.416237;-79.005824;,
  -21.975274;44.611866;-81.785645;,
  -21.975274;44.611866;-81.785645;,
  -30.593779;50.217926;-26.606862;,
  -21.406528;55.518272;-19.829077;,
  0.935181;41.187443;-48.397747;,
  -6.317520;46.304842;6.562739;,
  -14.414592;47.885661;-8.179322;,
  -14.414592;47.885661;-8.179322;,
  -2.582088;43.735517;-64.562323;,
  0.935181;41.187443;-48.397747;,
  -2.582088;43.735517;-64.562323;,
  -14.414592;47.885661;-8.179322;,
  -25.423325;44.150048;-20.983816;,
  -25.423325;44.150048;-20.983816;,
  -10.658607;41.884403;-78.195878;,
  -2.582088;43.735517;-64.562323;,
  54.870406;40.422698;28.764890;,
  41.920531;37.476838;26.876557;,
  44.787501;40.252186;6.620790;,
  44.787501;40.252186;6.620790;,
  57.121760;43.786851;2.033493;,
  54.870406;40.422698;28.764890;,
  66.276755;35.910758;28.557504;,
  54.870406;40.422698;28.764890;,
  57.121760;43.786851;2.033493;,
  57.121760;43.786851;2.033493;,
  68.903162;40.103226;-2.907497;,
  66.276755;35.910758;28.557504;,
  68.903162;40.103226;-2.907497;,
  71.943379;48.894896;-3.652332;,
