xof 0303txt 0032
template ColorRGBA {
 <35ff44e0-6c7c-11cf-8f52-0040333594a3>
 FLOAT red;
 FLOAT green;
 FLOAT blue;
 FLOAT alpha;
}

template ColorRGB {
 <d3e16e81-7835-11cf-8f52-0040333594a3>
 FLOAT red;
 FLOAT green;
 FLOAT blue;
}

template Material {
 <3d82ab4d-62da-11cf-ab39-0020af71e433>
 ColorRGBA faceColor;
 FLOAT power;
 ColorRGB specularColor;
 ColorRGB emissiveColor;
 [...]
}

template TextureFilename {
 <a42790e1-7810-11cf-8f52-0040333594a3>
 STRING filename;
}

template Frame {
 <3d82ab46-62da-11cf-ab39-0020af71e433>
 [...]
}

template Matrix4x4 {
 <f6f23f45-7686-11cf-8f52-0040333594a3>
 array FLOAT matrix[16];
}

template FrameTransformMatrix {
 <f6f23f41-7686-11cf-8f52-0040333594a3>
 Matrix4x4 frameMatrix;
}

template Vector {
 <3d82ab5e-62da-11cf-ab39-0020af71e433>
 FLOAT x;
 FLOAT y;
 FLOAT z;
}

template MeshFace {
 <3d82ab5f-62da-11cf-ab39-0020af71e433>
 DWORD nFaceVertexIndices;
 array DWORD faceVertexIndices[nFaceVertexIndices];
}

template Mesh {
 <3d82ab44-62da-11cf-ab39-0020af71e433>
 DWORD nVertices;
 array Vector vertices[nVertices];
 DWORD nFaces;
 array MeshFace faces[nFaces];
 [...]
}

template MeshNormals {
 <f6f23f43-7686-11cf-8f52-0040333594a3>
 DWORD nNormals;
 array Vector normals[nNormals];
 DWORD nFaceNormals;
 array MeshFace faceNormals[nFaceNormals];
}

template MeshMaterialList {
 <f6f23f42-7686-11cf-8f52-0040333594a3>
 DWORD nMaterials;
 DWORD nFaceIndexes;
 array DWORD faceIndexes[nFaceIndexes];
 [Material <3d82ab4d-62da-11cf-ab39-0020af71e433>]
}

template Coords2d {
 <f6f23f44-7686-11cf-8f52-0040333594a3>
 FLOAT u;
 FLOAT v;
}

template MeshTextureCoords {
 <f6f23f40-7686-11cf-8f52-0040333594a3>
 DWORD nTextureCoords;
 array Coords2d textureCoords[nTextureCoords];
}

template XSkinMeshHeader {
 <3cf169ce-ff7c-44ab-93c0-f78f62d172e2>
 WORD nMaxSkinWeightsPerVertex;
 WORD nMaxSkinWeightsPerFace;
 WORD nBones;
}

template SkinWeights {
 <6f0d123b-bad2-4167-a0d0-80224f25fabb>
 STRING transformNodeName;
 DWORD nWeights;
 array DWORD vertexIndices[nWeights];
 array FLOAT weights[nWeights];
 Matrix4x4 matrixOffset;
}

template Animation {
 <3d82ab4f-62da-11cf-ab39-0020af71e433>
 [...]
}

template AnimationSet {
 <3d82ab50-62da-11cf-ab39-0020af71e433>
 [Animation <3d82ab4f-62da-11cf-ab39-0020af71e433>]
}

template FloatKeys {
 <10dd46a9-775b-11cf-8f52-0040333594a3>
 DWORD nValues;
 array FLOAT values[nValues];
}

template TimedFloatKeys {
 <f406b180-7b3b-11cf-8f52-0040333594a3>
 DWORD time;
 FloatKeys tfkeys;
}

template AnimationKey {
 <10dd46a8-775b-11cf-8f52-0040333594a3>
 DWORD keyType;
 DWORD nKeys;
 array TimedFloatKeys keys[nKeys];
}


Material morrighan_skin {
 0.640000;0.640000;0.640000;0.200000;;
 32.642128;
 0.025000;0.025000;0.025000;;
 0.000000;0.000000;0.000000;;

 TextureFilename {
  "morrighan_skin.dds";
 }
}

Material morrighan_wing {
 0.640000;0.640000;0.640000;0.200000;;
 32.642128;
 0.025000;0.025000;0.025000;;
 0.000000;0.000000;0.000000;;

 TextureFilename {
  "morrighan_wing.dds";
 }
}

Material morrighan_metal_01 {
 0.640000;0.640000;0.640000;0.200000;;
 32.642128;
 0.025000;0.025000;0.025000;;
 0.000000;0.000000;0.000000;;

 TextureFilename {
  "morrighan_metal_01.dds";
 }
}

Material morrighan_cloth_01 {
 0.640000;0.640000;0.640000;0.200000;;
 32.642128;
 0.025000;0.025000;0.025000;;
 0.000000;0.000000;0.000000;;

 TextureFilename {
  "morrighan_cloth_01.dds";
 }
}

Material morrighan_hair {
 0.640000;0.640000;0.640000;0.200000;;
 32.642128;
 0.025000;0.025000;0.025000;;
 0.000000;0.000000;0.000000;;

 TextureFilename {
  "morrighan_hair.dds";
 }
}

Material morrighaneye01_eye_add {
 0.640000;0.640000;0.640000;0.200000;;
 32.642128;
 0.025000;0.025000;0.025000;;
 0.000000;0.000000;0.000000;;

 TextureFilename {
  "morrighaneye01_eye_add.dds";
 }
}

Material morrighaneye01_eye {
 0.640000;0.640000;0.640000;0.200000;;
 32.642128;
 0.025000;0.025000;0.025000;;
 0.000000;0.000000;0.000000;;

 TextureFilename {
  "morrighaneye01_eye.dds";
 }
}

Material morrighaneye01_skin {
 0.640000;0.640000;0.640000;0.200000;;
 32.642128;
 0.025000;0.025000;0.025000;;
 0.000000;0.000000;0.000000;;

 TextureFilename {
  "morrighaneye01_skin.dds";
 }
}

Material morrighan_hair_02 {
 0.640000;0.640000;0.640000;0.200000;;
 32.642128;
 0.025000;0.025000;0.025000;;
 0.000000;0.000000;0.000000;;

 TextureFilename {
  "morrighan_hair_02.dds";
 }
}

Frame ARM_morrighan2_framework {
 

 FrameTransformMatrix {
  100.000000,0.000000,0.000000,0.000000,0.000000,100.000000,0.000013,0.000000,0.000000,-0.000013,100.000000,0.000000,0.000000,0.000000,0.000000,1.000000;;
 }

 Frame _0__-com {
  

  FrameTransformMatrix {
   0.885656,-0.460158,-0.062152,0.000000,0.007717,-0.119246,0.992835,0.000000,-0.464272,-0.879789,-0.102060,0.000000,1.261704,0.000000,105.698534,1.000000;;
  }

  Frame _1___body {
   

   FrameTransformMatrix {
    0.000001,-0.000000,1.000000,0.000000,1.000000,0.000002,-0.000001,0.000000,-0.000002,1.000000,0.000000,0.000000,-0.000006,0.000000,0.063981,1.000000;;
   }

   Frame _3___belt1 {
    

    FrameTransformMatrix {
     -0.959287,-0.158980,-0.233439,0.000000,-0.164765,0.986318,0.005362,0.000000,0.229392,0.043607,-0.972356,0.000000,8.044914,-0.000010,4.071854,1.000000;;
    }

    Frame _7___belt2 {
     

     FrameTransformMatrix {
      0.985991,-0.138687,-0.092669,0.000000,0.137132,0.990286,-0.022969,0.000000,0.094955,0.009940,0.995432,0.000000,-0.000004,-0.000001,15.431786,1.000000;;
     }

     Frame _11___belt3 {
      

      FrameTransformMatrix {
       -0.999981,-0.002953,-0.005959,0.000000,0.002831,-0.999793,0.020324,0.000000,-0.006018,0.020307,0.999776,0.000000,0.000000,0.000000,9.400269,1.000000;;
      }

      Frame _20___belt4 {
       

       FrameTransformMatrix {
        0.999938,-0.000083,0.011127,0.000000,-0.000025,0.999952,0.009776,0.000000,-0.011127,-0.009775,0.999890,0.000000,0.000003,0.000001,10.886414,1.000000;;
       }
      }
     }
    }
   }

   Frame _4___chest1 {
    

    FrameTransformMatrix {
     0.994396,-0.031950,0.100774,0.000000,0.024535,0.996958,0.073983,0.000000,-0.102831,-0.071096,0.992155,0.000000,-0.812726,0.000303,5.912933,1.000000;;
    }

    Frame _8___chest2 {
     

     FrameTransformMatrix {
      0.954864,-0.013754,0.296725,0.000000,0.009239,0.999819,0.016613,0.000000,-0.296900,-0.013122,0.954819,0.000000,-0.014946,0.000215,11.391174,1.000000;;
     }

     Frame _12___backhair1 {
      

      FrameTransformMatrix {
       -0.923485,0.000031,0.383631,0.000000,-0.020745,0.998533,-0.050019,0.000000,-0.383070,-0.054151,-0.922129,0.000000,-12.076734,-0.000016,1.395264,1.000000;;
      }

      Frame _21___backhair2 {
       

       FrameTransformMatrix {
        0.999975,0.000000,0.007116,0.000000,0.000000,1.000000,-0.000047,0.000000,-0.007116,0.000047,0.999975,0.000000,-0.000004,0.000005,35.449309,1.000000;;
       }

       Frame _29___backhair3 {
        

        FrameTransformMatrix {
         1.000000,0.000000,0.000597,0.000000,-0.000000,1.000000,0.000000,0.000000,-0.000597,0.000000,1.000000,0.000000,-0.000229,0.000001,31.946707,1.000000;;
        }
       }
      }
     }

     Frame _13___fronttaill1 {
      

      FrameTransformMatrix {
       -0.030817,0.997408,0.065012,0.000000,0.981445,0.042511,-0.186972,0.000000,-0.189251,0.058044,-0.980212,0.000000,4.987782,11.020977,3.021164,1.000000;;
      }

      Frame _22___fronttaill2 {
       

       FrameTransformMatrix {
        0.991603,0.046615,-0.120623,0.000000,-0.052294,0.997646,-0.044353,0.000000,0.118272,0.050289,0.991707,0.000000,-0.000019,-0.000027,13.540528,1.000000;;
       }

       Frame _30___fronttaill3 {
        

        FrameTransformMatrix {
         0.985329,-0.026645,0.168570,0.000000,0.017741,0.998377,0.054108,0.000000,-0.169738,-0.050323,0.984203,0.000000,-0.000004,-0.000002,13.671349,1.000000;;
        }
       }
      }
     }

     Frame _14___fronttailr1 {
      

      FrameTransformMatrix {
       -0.030213,-0.997108,0.069709,0.000000,-0.981443,0.042806,0.186909,0.000000,-0.189352,-0.062769,-0.979898,0.000000,4.987816,-11.020944,3.021164,1.000000;;
      }

      Frame _23___fronttailr2 {
       

       FrameTransformMatrix {
        0.992124,-0.046577,-0.116275,0.000000,0.052048,0.997654,0.044462,0.000000,0.113931,-0.050164,0.992221,0.000000,-0.000021,0.000025,13.540534,1.000000;;
       }

       Frame _31___fronttailr3 {
        

        FrameTransformMatrix {
         0.985390,0.026054,0.168309,0.000000,-0.017133,0.998381,-0.054244,0.000000,-0.169450,0.050568,0.984240,0.000000,-0.000010,-0.000006,13.671402,1.000000;;
        }
       }
      }
     }

     Frame _15___neck {
      

      FrameTransformMatrix {
       0.919363,-0.029975,-0.392267,0.000000,-0.002016,0.996721,-0.080888,0.000000,0.393405,0.075157,0.916288,0.000000,-0.003498,0.000116,19.662590,1.000000;;
      }

      Frame _24___claviclel {
       

       FrameTransformMatrix {
        -0.919389,0.052540,-0.389824,0.000000,-0.366583,0.244879,0.897581,0.000000,0.142618,0.968129,-0.205879,0.000000,-0.119396,2.256084,-0.394501,1.000000;;
       }

       Frame _32___arm1l {
        

        FrameTransformMatrix {
         0.908213,0.151130,-0.390267,0.000000,0.262052,0.521723,0.811870,0.000000,0.326309,-0.839622,0.434232,0.000000,-0.000004,-0.000015,9.141010,1.000000;;
        }

        Frame _39___arm2l {
         

         FrameTransformMatrix {
          0.995037,-0.000000,0.099499,0.000000,0.000000,1.000000,-0.000000,0.000000,-0.099499,0.000000,0.995037,0.000000,-0.000001,-0.000008,24.301368,1.000000;;
         }

         Frame _43___sonl {
          

          FrameTransformMatrix {
           -0.105846,-0.967524,-0.229549,0.000000,0.993601,-0.093755,-0.062986,0.000000,0.039419,-0.234747,0.971257,0.000000,-0.000006,0.000008,21.827378,1.000000;;
          }
         }
        }
       }
      }

      Frame _25___clavicler {
       

       FrameTransformMatrix {
        -0.903343,-0.152189,-0.401018,0.000000,0.352739,0.268334,-0.896423,0.000000,0.244032,-0.951230,-0.188715,0.000000,0.013870,-2.174807,-0.728592,1.000000;;
       }

       Frame _33___arm1r {
        

        FrameTransformMatrix {
         0.934532,-0.207771,-0.288933,0.000000,-0.203814,0.353082,-0.913123,0.000000,0.291737,0.912230,0.287619,0.000000,0.000008,0.000015,9.141020,1.000000;;
        }

        Frame _40___arm2r {
         

         FrameTransformMatrix {
          0.997899,-0.000000,0.064788,0.000000,0.000000,1.000000,-0.000000,0.000000,-0.064788,0.000000,0.997899,0.000000,0.000000,-0.000002,24.301315,1.000000;;
         }

         Frame _44___sonr {
          

          FrameTransformMatrix {
           0.184038,0.952693,-0.241877,0.000000,-0.981147,0.192825,0.012959,0.000000,0.058986,0.234932,0.970220,0.000000,0.000001,0.000004,21.827400,1.000000;;
          }
         }
        }
       }
      }

      Frame _26___head {
       

       FrameTransformMatrix {
        0.862044,0.506444,-0.019865,0.000000,-0.506281,0.862272,0.012921,0.000000,0.023673,-0.001081,0.999719,0.000000,0.000002,0.000000,4.788452,1.000000;;
       }
      }
     }

     Frame _16___wingl1 {
      

      FrameTransformMatrix {
       0.247562,0.967234,0.056312,0.000000,-0.437541,0.163466,-0.884215,0.000000,-0.864448,0.194259,0.463673,0.000000,-4.226788,6.211444,11.285546,1.000000;;
      }

      Frame _27___wingl2 {
       

       FrameTransformMatrix {
        0.826097,0.400324,-0.396616,0.000000,0.400078,0.079022,0.913068,0.000000,0.396864,-0.912961,-0.094881,0.000000,-0.000010,-0.000023,18.473786,1.000000;;
       }

       Frame _36___wingl3 {
        

        FrameTransformMatrix {
         0.440215,-0.864386,-0.242996,0.000000,-0.867613,-0.339810,-0.363010,0.000000,0.231208,0.370629,-0.899542,0.000000,0.000004,0.000019,51.717782,1.000000;;
        }

        Frame _41___wingl4 {
         

         FrameTransformMatrix {
          0.947293,-0.116197,-0.298552,0.000000,0.072025,0.985294,-0.154948,0.000000,0.312166,0.125278,0.941731,0.000000,-0.000038,0.000000,75.050822,1.000000;;
         }
        }
       }
      }
     }

     Frame _17___wingr1 {
      

      FrameTransformMatrix {
       -0.247565,0.967234,-0.056312,0.000000,-0.437542,-0.163469,-0.884215,0.000000,-0.864447,-0.194262,0.463674,0.000000,-4.226763,-6.211436,11.285561,1.000000;;
      }

      Frame _28___wingr2 {
       

       FrameTransformMatrix {
        0.826097,-0.400323,0.396617,0.000000,-0.400078,0.079023,0.913068,0.000000,-0.396864,-0.912960,-0.094880,0.000000,0.000008,0.000000,18.473786,1.000000;;
       }

       Frame _37___wingr3 {
        

        FrameTransformMatrix {
         0.440215,0.864387,0.242996,0.000000,0.867613,-0.339809,-0.363010,0.000000,-0.231209,0.370629,-0.899542,0.000000,0.000015,0.000019,51.717821,1.000000;;
        }

        Frame _42___wingr4 {
         

         FrameTransformMatrix {
          -0.950286,-0.113495,-0.289958,0.000000,0.071343,-0.985796,0.152045,0.000000,-0.303096,0.123799,0.944884,0.000000,0.000023,0.000000,75.050842,1.000000;;
         }
        }
       }
      }
     }
    }
   }

   Frame _5___leg1l {
    

    FrameTransformMatrix {
     0.857920,0.421976,0.293103,0.000000,0.446436,-0.894615,-0.018767,0.000000,0.254295,0.146952,-0.955894,0.000000,0.000011,6.246401,0.000008,1.000000;;
    }

    Frame _9___leg2l {
     

     FrameTransformMatrix {
      0.936205,0.000000,0.351455,0.000000,-0.000000,1.000000,-0.000000,0.000000,-0.351455,-0.000000,0.936205,0.000000,0.000004,-0.000001,48.600102,1.000000;;
     }

     Frame _18__-footl {
      

      FrameTransformMatrix {
       0.964143,-0.185619,-0.189670,0.000000,0.180788,0.982598,-0.042618,0.000000,0.194280,0.006799,0.980923,0.000000,-0.000002,0.000000,48.600090,1.000000;;
      }
     }
    }
   }

   Frame _6___leg1r {
    

    FrameTransformMatrix {
     0.963699,-0.264220,-0.038368,0.000000,-0.266991,-0.953965,-0.136632,0.000000,-0.000501,0.141916,-0.989879,0.000000,-0.000005,-6.246395,0.000015,1.000000;;
    }

    Frame _10___leg2r {
     

     FrameTransformMatrix {
      0.999996,0.000000,0.002868,0.000000,-0.000000,1.000000,0.000000,0.000000,-0.002868,-0.000000,0.999996,0.000000,0.000001,0.000000,48.600086,1.000000;;
     }

     Frame _19__-footr {
      

      FrameTransformMatrix {
       0.987625,-0.106588,-0.115044,0.000000,0.100058,0.993101,-0.061135,0.000000,0.120766,0.048867,0.991477,0.000000,0.000000,-0.000001,48.600099,1.000000;;
      }
     }
    }
   }
  }
 }
}

Frame morrighaneye02_mesh_sonr___subgroup0 {
 

 FrameTransformMatrix {
  100.000026,0.000196,-0.000116,0.000000,-0.000196,100.000013,0.000016,0.000000,0.000116,-0.000016,100.000013,0.000000,-1948.86515,315.589862,8794.6488,1.000000;;
 }

 Mesh morrighaneye02_mesh_sonr___subgroup0 {
  7739;
  -0.755482;3.980229;1.406449;,
  1.485687;3.006702;7.492657;,
  0.219999;3.696236;0.750122;,
  1.485687;3.006702;7.492657;,
  -0.755482;3.980229;1.406449;,
  -0.451397;2.920812;7.760090;,
  0.789124;-3.160686;0.861687;,
  3.014256;-3.004639;4.010438;,
  0.530598;-2.570266;6.682992;,
  0.530598;-2.570266;6.682992;,
  -2.230272;-2.814941;0.982651;,
  0.789124;-3.160686;0.861687;,
  -0.296185;-1.481330;-0.441582;,
  1.485687;3.006702;7.492657;,
  2.381615;0.163159;7.370738;,
  0.530598;-2.570266;6.682992;,
  3.014256;-3.004639;4.010438;,
  2.381615;0.163159;7.370738;,
  -2.564671;-1.147461;0.831146;,
  -2.230272;-2.814941;0.982651;,
  -1.334137;0.621651;7.882266;,
  0.530598;-2.570266;6.682992;,
  -1.334137;0.621651;7.882266;,
  -2.230272;-2.814941;0.982651;,
  1.601046;-2.753843;-2.804756;,
  2.639013;-3.205565;-2.715256;,
  0.789124;-3.160686;0.861687;,
  3.014256;-3.004639;4.010438;,
  2.910868;-1.447434;2.572502;,
  2.381615;0.163159;7.370738;,
  0.401468;2.407395;0.109726;,
  0.219999;3.696236;0.750122;,
  1.485687;3.006702;7.492657;,
  2.381615;0.163159;7.370738;,
  2.910868;-1.447434;2.572502;,
  -0.296185;-1.481330;-0.441582;,
  2.291714;-2.196878;-2.749039;,
  2.910868;-1.447434;2.572502;,
  2.639013;-3.205565;-2.715256;,
  1.601046;-2.753843;-2.804756;,
  0.789124;-3.160686;0.861687;,
  2.910868;-1.447434;2.572502;,
  2.910868;-1.447434;2.572502;,
  2.291714;-2.196878;-2.749039;,
  1.601046;-2.753843;-2.804756;,
  2.639013;-3.205565;-2.715256;,
  1.601046;-2.753843;-2.804756;,
  2.291714;-2.196878;-2.749039;,
  0.530598;-2.570266;6.682992;,
  2.381615;0.163159;7.370738;,
  0.798218;-1.735285;8.626044;,
  -1.334137;0.621651;7.882266;,
  0.530598;-2.570266;6.682992;,
  0.798218;-1.735285;8.626044;,
  -1.334137;0.621651;7.882266;,
  -0.451397;2.920812;7.760090;,
  -0.755482;3.980229;1.406449;,
  1.665407;-2.615828;-7.360017;,
  1.928583;-2.761224;-6.653848;,
  1.854193;-3.245800;-6.663186;,
  1.854193;-3.245800;-6.663186;,
  1.527096;-3.299362;-7.399392;,
  1.665407;-2.615828;-7.360017;,
  -1.596479;2.682982;1.078468;,
  -2.305212;0.762988;0.894783;,
  -1.334137;0.621651;7.882266;,
  1.850218;1.309195;-6.182794;,
  1.399736;1.313796;-7.012696;,
  1.532108;2.105097;-6.899682;,
  1.532108;2.105097;-6.899682;,
  1.918940;1.837771;-6.147942;,
  1.850218;1.309195;-6.182794;,
  0.789124;-3.160686;0.861687;,
  -0.296185;-1.481330;-0.441582;,
  2.910868;-1.447434;2.572502;,
  -0.755482;3.980229;1.406449;,
  -1.596479;2.682982;1.078468;,
  -1.334137;0.621651;7.882266;,
  2.358219;2.922235;-4.824212;,
  1.742592;2.868805;-5.698326;,
  1.847399;3.495358;-5.608818;,
  1.847399;3.495358;-5.608818;,
  2.423079;3.390956;-4.790596;,
  2.358219;2.922235;-4.824212;,
  -2.305212;0.762988;0.894783;,
  -2.564671;-1.147461;0.831146;,
  -1.334137;0.621651;7.882266;,
  2.025229;-1.031569;-7.259965;,
  1.569584;-1.095351;-8.245797;,
  1.761133;-0.123860;-8.188676;,
  1.761133;-0.123860;-8.188676;,
  2.141226;-0.325872;-7.269853;,
  2.025229;-1.031569;-7.259965;,
  -0.395939;0.427430;-0.269547;,
  1.485687;3.006702;7.492657;,
  -0.296185;-1.481330;-0.441582;,
  -0.395939;0.427430;-0.269547;,
  0.401468;2.407395;0.109726;,
  1.485687;3.006702;7.492657;,
  -0.897139;-3.179150;-3.837807;,
  0.191566;-3.314802;-3.103981;,
  0.789124;-3.160686;0.861687;,
  0.789124;-3.160686;0.861687;,
  -2.230272;-2.814941;0.982651;,
  -0.897139;-3.179150;-3.837807;,
  -0.670277;-2.077552;-3.760987;,
  -0.897139;-3.179150;-3.837807;,
  -2.564671;-1.147461;0.831146;,
  0.367283;-2.223941;-3.118569;,
  -0.670277;-2.077552;-3.760987;,
  -2.564671;-1.147461;0.831146;,
  -2.564671;-1.147461;0.831146;,
  -0.296185;-1.481330;-0.441582;,
  0.367283;-2.223941;-3.118569;,
  0.191566;-3.314802;-3.103981;,
  0.367283;-2.223941;-3.118569;,
  -0.296185;-1.481330;-0.441582;,
  -0.296185;-1.481330;-0.441582;,
  0.789124;-3.160686;0.861687;,
  0.191566;-3.314802;-3.103981;,
  1.527096;-3.299362;-7.399392;,
  1.854193;-3.245800;-6.663186;,
  0.191566;-3.314802;-3.103981;,
  0.191566;-3.314802;-3.103981;,
  -0.897139;-3.179150;-3.837807;,
  1.527096;-3.299362;-7.399392;,
  1.665407;-2.615828;-7.360017;,
  1.527096;-3.299362;-7.399392;,
  -0.897139;-3.179150;-3.837807;,
  -0.897139;-3.179150;-3.837807;,
  -0.670277;-2.077552;-3.760987;,
  1.665407;-2.615828;-7.360017;,
  1.928583;-2.761224;-6.653848;,
  1.665407;-2.615828;-7.360017;,
  -0.670277;-2.077552;-3.760987;,
  -0.670277;-2.077552;-3.760987;,
  0.367283;-2.223941;-3.118569;,
  1.928583;-2.761224;-6.653848;,
  1.854193;-3.245800;-6.663186;,
  1.928583;-2.761224;-6.653848;,
  0.367283;-2.223941;-3.118569;,
  0.367283;-2.223941;-3.118569;,
  0.191566;-3.314802;-3.103981;,
  1.854193;-3.245800;-6.663186;,
  -0.565741;0.328804;-4.266961;,
  -0.812767;-0.927699;-4.355340;,
  -2.564671;-1.147461;0.831146;,
  -2.564671;-1.147461;0.831146;,
  -2.305212;0.762988;0.894783;,
  -0.565741;0.328804;-4.266961;,
  0.425447;0.113829;-3.578400;,
  -0.565741;0.328804;-4.266961;,
  -2.305212;0.762988;0.894783;,
  -2.305212;0.762988;0.894783;,
  -0.395939;0.427430;-0.269547;,
  0.425447;0.113829;-3.578400;,
  0.244072;-0.988878;-3.561822;,
  0.425447;0.113829;-3.578400;,
  -0.395939;0.427430;-0.269547;,
  -0.395939;0.427430;-0.269547;,
  -0.296185;-1.481330;-0.441582;,
  0.244072;-0.988878;-3.561822;,
  -0.812767;-0.927699;-4.355340;,
  0.244072;-0.988878;-3.561822;,
  -0.296185;-1.481330;-0.441582;,
  -0.296185;-1.481330;-0.441582;,
  -2.564671;-1.147461;0.831146;,
  -0.812767;-0.927699;-4.355340;,
  1.761133;-0.123860;-8.188676;,
  1.569584;-1.095351;-8.245797;,
  -0.812767;-0.927699;-4.355340;,
  -0.812767;-0.927699;-4.355340;,
  -0.565741;0.328804;-4.266961;,
  1.761133;-0.123860;-8.188676;,
  2.141226;-0.325872;-7.269853;,
  1.761133;-0.123860;-8.188676;,
  -0.565741;0.328804;-4.266961;,
  -0.565741;0.328804;-4.266961;,
  0.425447;0.113829;-3.578400;,
  2.141226;-0.325872;-7.269853;,
  2.025229;-1.031569;-7.259965;,
  2.141226;-0.325872;-7.269853;,
  0.425447;0.113829;-3.578400;,
  0.425447;0.113829;-3.578400;,
  0.244072;-0.988878;-3.561822;,
  2.025229;-1.031569;-7.259965;,
  1.569584;-1.095351;-8.245797;,
  2.025229;-1.031569;-7.259965;,
  0.244072;-0.988878;-3.561822;,
  0.244072;-0.988878;-3.561822;,
  -0.812767;-0.927699;-4.355340;,
  1.569584;-1.095351;-8.245797;,
  0.420704;0.869761;-3.255402;,
  0.582674;2.080988;-3.172455;,
  0.401468;2.407395;0.109726;,
  0.401468;2.407395;0.109726;,
  -0.395939;0.427430;-0.269547;,
  0.420704;0.869761;-3.255402;,
  -0.713156;1.110600;-3.966675;,
  0.420704;0.869761;-3.255402;,
  -0.395939;0.427430;-0.269547;,
  -0.395939;0.427430;-0.269547;,
  -2.305212;0.762988;0.894783;,
  -0.713156;1.110600;-3.966675;,
  -0.513950;2.294089;-3.791443;,
  -0.713156;1.110600;-3.966675;,
  -2.305212;0.762988;0.894783;,
  -2.305212;0.762988;0.894783;,
  -1.596479;2.682982;1.078468;,
  -0.513950;2.294089;-3.791443;,
  0.582674;2.080988;-3.172455;,
  -0.513950;2.294089;-3.791443;,
  -1.596479;2.682982;1.078468;,
  -1.596479;2.682982;1.078468;,
  0.401468;2.407395;0.109726;,
  0.582674;2.080988;-3.172455;,
  1.850218;1.309195;-6.182794;,
  1.918940;1.837771;-6.147942;,
  0.582674;2.080988;-3.172455;,
  0.582674;2.080988;-3.172455;,
  0.420704;0.869761;-3.255402;,
  1.850218;1.309195;-6.182794;,
  1.399736;1.313796;-7.012696;,
  1.850218;1.309195;-6.182794;,
  0.420704;0.869761;-3.255402;,
  0.420704;0.869761;-3.255402;,
  -0.713156;1.110600;-3.966675;,
  1.399736;1.313796;-7.012696;,
  1.532108;2.105097;-6.899682;,
  1.399736;1.313796;-7.012696;,
  -0.713156;1.110600;-3.966675;,
  -0.713156;1.110600;-3.966675;,
  -0.513950;2.294089;-3.791443;,
  1.532108;2.105097;-6.899682;,
  1.918940;1.837771;-6.147942;,
  1.532108;2.105097;-6.899682;,
  -0.513950;2.294089;-3.791443;,
  -0.513950;2.294089;-3.791443;,
  0.582674;2.080988;-3.172455;,
  1.918940;1.837771;-6.147942;,
  0.990831;3.634050;-2.393273;,
  -0.239248;3.823340;-2.528435;,
  -0.755482;3.980229;1.406449;,
  -0.755482;3.980229;1.406449;,
  0.219999;3.696236;0.750122;,
  0.990831;3.634050;-2.393273;,
  0.860033;2.599032;-2.463242;,
  0.990831;3.634050;-2.393273;,
  0.219999;3.696236;0.750122;,
  0.219999;3.696236;0.750122;,
  0.401468;2.407395;0.109726;,
  0.860033;2.599032;-2.463242;,
  -0.141586;2.778427;-2.676140;,
  0.860033;2.599032;-2.463242;,
  0.401468;2.407395;0.109726;,
  0.401468;2.407395;0.109726;,
  -1.596479;2.682982;1.078468;,
  -0.141586;2.778427;-2.676140;,
  -0.239248;3.823340;-2.528435;,
  -0.141586;2.778427;-2.676140;,
  -1.596479;2.682982;1.078468;,
  -1.596479;2.682982;1.078468;,
  -0.755482;3.980229;1.406449;,
  -0.239248;3.823340;-2.528435;,
  2.423079;3.390956;-4.790596;,
  1.847399;3.495358;-5.608818;,
  -0.239248;3.823340;-2.528435;,
  -0.239248;3.823340;-2.528435;,
  0.990831;3.634050;-2.393273;,
  2.423079;3.390956;-4.790596;,
  2.358219;2.922235;-4.824212;,
  2.423079;3.390956;-4.790596;,
  0.990831;3.634050;-2.393273;,
  0.990831;3.634050;-2.393273;,
  0.860033;2.599032;-2.463242;,
  2.358219;2.922235;-4.824212;,
  1.742592;2.868805;-5.698326;,
  2.358219;2.922235;-4.824212;,
  0.860033;2.599032;-2.463242;,
  0.860033;2.599032;-2.463242;,
  -0.141586;2.778427;-2.676140;,
  1.742592;2.868805;-5.698326;,
  1.847399;3.495358;-5.608818;,
  1.742592;2.868805;-5.698326;,
  -0.141586;2.778427;-2.676140;,
  -0.141586;2.778427;-2.676140;,
  -0.239248;3.823340;-2.528435;,
  1.847399;3.495358;-5.608818;,
  -0.897139;-3.179150;-3.837807;,
  -2.230272;-2.814941;0.982651;,
  -2.564671;-1.147461;0.831146;,
  2.639013;-3.205565;-2.715256;,
  3.014256;-3.004639;4.010438;,
  0.789124;-3.160686;0.861687;,
  2.910868;-1.447434;2.572502;,
  3.014256;-3.004639;4.010438;,
  2.639013;-3.205565;-2.715256;,
  40.195437;3.898752;1.406542;,
  39.204451;3.674807;0.750206;,
  37.491536;3.006710;7.492687;,
  37.491536;3.006710;7.492687;,
  39.428694;2.920750;7.760136;,
  40.195437;3.898752;1.406542;,
  38.498339;-3.160743;0.845573;,
  38.446678;-2.570320;6.683082;,
  35.963024;-3.180225;4.010515;,
  38.446678;-2.570320;6.683082;,
  38.498339;-3.160743;0.845573;,
  41.252867;-2.973744;0.982748;,
  39.403763;-1.524608;-0.441489;,
  36.595619;0.163165;7.370761;,
  37.491536;3.006710;7.492687;,
  38.446678;-2.570320;6.683082;,
  36.595619;0.163165;7.370761;,
  35.963024;-3.180225;4.010515;,
  41.688384;-1.329776;0.831244;,
  40.311370;0.621667;7.882282;,
  41.252867;-2.973744;0.982748;,
  38.446678;-2.570320;6.683082;,
  41.252867;-2.973744;0.982748;,
  40.311370;0.621667;7.882282;,
  37.332973;-3.122237;-2.792827;,
  38.498339;-3.160743;0.845573;,
  36.523539;-3.636701;-2.703306;,
  35.963024;-3.180225;4.010515;,
  36.595619;0.163165;7.370761;,
  36.066426;-1.447483;2.572587;,
  38.944682;2.399441;0.109817;,
  37.491536;3.006710;7.492687;,
  39.204451;3.674807;0.750206;,
  36.595619;0.163165;7.370761;,
  39.403763;-1.524608;-0.441489;,
  36.066426;-1.447483;2.572587;,
  36.642304;-2.791955;-2.737088;,
  36.523539;-3.636701;-2.703306;,
  36.066426;-1.447483;2.572587;,
  37.332973;-3.122237;-2.792827;,
  36.642304;-2.791955;-2.737088;,
  36.066426;-1.447483;2.572587;,
  36.066426;-1.447483;2.572587;,
  38.498339;-3.160743;0.845573;,
  37.332973;-3.122237;-2.792827;,
  36.523539;-3.636701;-2.703306;,
  36.642304;-2.791955;-2.737088;,
  37.332973;-3.122237;-2.792827;,
  38.446678;-2.570320;6.683082;,
  38.179024;-1.735268;8.626066;,
  36.595619;0.163165;7.370761;,
  40.311370;0.621667;7.882282;,
  38.179024;-1.735268;8.626066;,
  38.446678;-2.570320;6.683082;,
  40.311370;0.621667;7.882282;,
  40.195437;3.898752;1.406542;,
  39.428694;2.920750;7.760136;,
  37.006726;-2.582721;-7.321042;,
  37.096378;-3.274242;-7.361790;,
  36.899658;-3.185292;-6.583806;,
  36.899658;-3.185292;-6.583806;,
  36.856307;-2.696915;-6.577138;,
  37.006726;-2.582721;-7.321042;,
  40.955718;2.552607;1.078564;,
  40.311370;0.621667;7.882282;,
  41.545978;0.592945;0.894880;,
  37.249610;1.369332;-6.249546;,
  37.218646;1.901778;-6.219998;,
  37.490365;2.128955;-7.032870;,
  37.490365;2.128955;-7.032870;,
  37.555648;1.328769;-7.141955;,
  37.249610;1.369332;-6.249546;,
  38.498339;-3.160743;0.845573;,
  36.066426;-1.447483;2.572587;,
  39.403763;-1.524608;-0.441489;,
  40.195437;3.898752;1.406542;,
  40.311370;0.621667;7.882282;,
  40.955718;2.552607;1.078564;,
  37.043910;3.161761;-5.299436;,
  37.070851;3.634453;-5.269925;,
  37.370013;3.549312;-5.820957;,
  37.370013;3.549312;-5.820957;,
  37.421702;2.915726;-5.907337;,
  37.043910;3.161761;-5.299436;,
  41.545978;0.592945;0.894880;,
  40.311370;0.621667;7.882282;,
  41.688384;-1.329776;0.831244;,
  36.761754;-0.977309;-7.211507;,
  36.687187;-0.266076;-7.223691;,
  36.920723;-0.107052;-8.198209;,
  36.920723;-0.107052;-8.198209;,
  37.043008;-1.089604;-8.256420;,
  36.761754;-0.977309;-7.211507;,
  39.619795;0.374509;-0.269469;,
  39.403763;-1.524608;-0.441489;,
  37.491536;3.006710;7.492687;,
  39.619795;0.374509;-0.269469;,
  37.491536;3.006710;7.492687;,
  38.944682;2.399441;0.109817;,
  40.080733;-3.233745;-4.252393;,
  41.252867;-2.973744;0.982748;,
  38.498339;-3.160743;0.845573;,
  38.498339;-3.160743;0.845573;,
  39.122819;-3.285888;-3.345832;,
  40.080733;-3.233745;-4.252393;,
  39.934566;-2.118752;-4.172926;,
  41.688384;-1.329776;0.831244;,
  41.252867;-2.973744;0.982748;,
  41.252867;-2.973744;0.982748;,
  40.080733;-3.233745;-4.252393;,
  39.934566;-2.118752;-4.172926;,
  39.011206;-2.186679;-3.364547;,
  39.403763;-1.524608;-0.441489;,
  41.688384;-1.329776;0.831244;,
  41.688384;-1.329776;0.831244;,
  39.934566;-2.118752;-4.172926;,
  39.011206;-2.186679;-3.364547;,
  39.122819;-3.285888;-3.345832;,
  38.498339;-3.160743;0.845573;,
  39.403763;-1.524608;-0.441489;,
  39.403763;-1.524608;-0.441489;,
  39.011206;-2.186679;-3.364547;,
  39.122819;-3.285888;-3.345832;,
  37.096378;-3.274242;-7.361790;,
  40.080733;-3.233745;-4.252393;,
  39.122819;-3.285888;-3.345832;,
  39.122819;-3.285888;-3.345832;,
  36.899658;-3.185292;-6.583806;,
  37.096378;-3.274242;-7.361790;,
  37.006726;-2.582721;-7.321042;,
  39.934566;-2.118752;-4.172926;,
  40.080733;-3.233745;-4.252393;,
  40.080733;-3.233745;-4.252393;,
  37.096378;-3.274242;-7.361790;,
  37.006726;-2.582721;-7.321042;,
  36.856307;-2.696915;-6.577138;,
  39.011206;-2.186679;-3.364547;,
  39.934566;-2.118752;-4.172926;,
  39.934566;-2.118752;-4.172926;,
  37.006726;-2.582721;-7.321042;,
  36.856307;-2.696915;-6.577138;,
  36.899658;-3.185292;-6.583806;,
  39.122819;-3.285888;-3.345832;,
  39.011206;-2.186679;-3.364547;,
  39.011206;-2.186679;-3.364547;,
  36.856307;-2.696915;-6.577138;,
  36.899658;-3.185292;-6.583806;,
  39.888419;0.278614;-4.727880;,
  41.545978;0.592945;0.894880;,
  41.688384;-1.329776;0.831244;,
  41.688384;-1.329776;0.831244;,
  40.043462;-0.992444;-4.817350;,
  39.888419;0.278614;-4.727880;,
  39.014355;0.140284;-3.879555;,
  39.619795;0.374509;-0.269469;,
  41.545978;0.592945;0.894880;,
  41.545978;0.592945;0.894880;,
  39.888419;0.278614;-4.727880;,
  39.014355;0.140284;-3.879555;,
  39.131171;-0.971060;-3.859436;,
  39.403763;-1.524608;-0.441489;,
  39.619795;0.374509;-0.269469;,
  39.619795;0.374509;-0.269469;,
  39.014355;0.140284;-3.879555;,
  39.131171;-0.971060;-3.859436;,
  40.043462;-0.992444;-4.817350;,
  41.688384;-1.329776;0.831244;,
  39.403763;-1.524608;-0.441489;,
  39.403763;-1.524608;-0.441489;,
  39.131171;-0.971060;-3.859436;,
  40.043462;-0.992444;-4.817350;,
  36.920723;-0.107052;-8.198209;,
  39.888419;0.278614;-4.727880;,
  40.043462;-0.992444;-4.817350;,
  40.043462;-0.992444;-4.817350;,
  37.043008;-1.089604;-8.256420;,
  36.920723;-0.107052;-8.198209;,
  36.687187;-0.266076;-7.223691;,
  39.014355;0.140284;-3.879555;,
  39.888419;0.278614;-4.727880;,
  39.888419;0.278614;-4.727880;,
  36.920723;-0.107052;-8.198209;,
  36.687187;-0.266076;-7.223691;,
  36.761754;-0.977309;-7.211507;,
  39.131171;-0.971060;-3.859436;,
  39.014355;0.140284;-3.879555;,
  39.014355;0.140284;-3.879555;,
  36.687187;-0.266076;-7.223691;,
  36.761754;-0.977309;-7.211507;,
  37.043008;-1.089604;-8.256420;,
  40.043462;-0.992444;-4.817350;,
  39.131171;-0.971060;-3.859436;,
  39.131171;-0.971060;-3.859436;,
  36.761754;-0.977309;-7.211507;,
  37.043008;-1.089604;-8.256420;,
  39.116813;0.900853;-3.584900;,
  39.619795;0.374509;-0.269469;,
  38.944682;2.399441;0.109817;,
  38.944682;2.399441;0.109817;,
  39.041949;2.121292;-3.513397;,
  39.116813;0.900853;-3.584900;,
  40.129062;1.055584;-4.479863;,
  41.545978;0.592945;0.894880;,
  39.619795;0.374509;-0.269469;,
  39.619795;0.374509;-0.269469;,
  39.116813;0.900853;-3.584900;,
  40.129062;1.055584;-4.479863;,
  40.031242;2.252559;-4.310400;,
  40.955718;2.552607;1.078564;,
  41.545978;0.592945;0.894880;,
  41.545978;0.592945;0.894880;,
  40.129062;1.055584;-4.479863;,
  40.031242;2.252559;-4.310400;,
  39.041949;2.121292;-3.513397;,
  38.944682;2.399441;0.109817;,
  40.955718;2.552607;1.078564;,
  40.955718;2.552607;1.078564;,
  40.031242;2.252559;-4.310400;,
  39.041949;2.121292;-3.513397;,
  37.249610;1.369332;-6.249546;,
  39.116813;0.900853;-3.584900;,
  39.041949;2.121292;-3.513397;,
  39.041949;2.121292;-3.513397;,
  37.218646;1.901778;-6.219998;,
  37.249610;1.369332;-6.249546;,
  37.555648;1.328769;-7.141955;,
  40.129062;1.055584;-4.479863;,
  39.116813;0.900853;-3.584900;,
  39.116813;0.900853;-3.584900;,
  37.249610;1.369332;-6.249546;,
  37.555648;1.328769;-7.141955;,
  37.490365;2.128955;-7.032870;,
  40.031242;2.252559;-4.310400;,
  40.129062;1.055584;-4.479863;,
  40.129062;1.055584;-4.479863;,
  37.555648;1.328769;-7.141955;,
  37.490365;2.128955;-7.032870;,
  37.218646;1.901778;-6.219998;,
  39.041949;2.121292;-3.513397;,
  40.031242;2.252559;-4.310400;,
  40.031242;2.252559;-4.310400;,
  37.490365;2.128955;-7.032870;,
  37.218646;1.901778;-6.219998;,
  38.804147;3.630000;-2.435128;,
  39.204451;3.674807;0.750206;,
  40.195437;3.898752;1.406542;,
  40.195437;3.898752;1.406542;,
  39.498947;3.752574;-2.949248;,
  38.804147;3.630000;-2.435128;,
  38.867171;2.588393;-2.501069;,
  38.944682;2.399441;0.109817;,
  39.204451;3.674807;0.750206;,
  39.204451;3.674807;0.750206;,
  38.804147;3.630000;-2.435128;,
  38.867171;2.588393;-2.501069;,
  39.772618;2.768966;-3.234587;,
  40.955718;2.552607;1.078564;,
  38.944682;2.399441;0.109817;,
  38.944682;2.399441;0.109817;,
  38.867171;2.588393;-2.501069;,
  39.772618;2.768966;-3.234587;,
  39.498947;3.752574;-2.949248;,
  40.195437;3.898752;1.406542;,
  40.955718;2.552607;1.078564;,
  40.955718;2.552607;1.078564;,
  39.772618;2.768966;-3.234587;,
  39.498947;3.752574;-2.949248;,
  37.070851;3.634453;-5.269925;,
  38.804147;3.630000;-2.435128;,
  39.498947;3.752574;-2.949248;,
  39.498947;3.752574;-2.949248;,
  37.370013;3.549312;-5.820957;,
  37.070851;3.634453;-5.269925;,
  37.043910;3.161761;-5.299436;,
  38.867171;2.588393;-2.501069;,
  38.804147;3.630000;-2.435128;,
  38.804147;3.630000;-2.435128;,
  37.070851;3.634453;-5.269925;,
  37.043910;3.161761;-5.299436;,
  37.421702;2.915726;-5.907337;,
  39.772618;2.768966;-3.234587;,
  38.867171;2.588393;-2.501069;,
  38.867171;2.588393;-2.501069;,
  37.043910;3.161761;-5.299436;,
  37.421702;2.915726;-5.907337;,
  37.370013;3.549312;-5.820957;,
  39.498947;3.752574;-2.949248;,
  39.772618;2.768966;-3.234587;,
  39.772618;2.768966;-3.234587;,
  37.421702;2.915726;-5.907337;,
  37.370013;3.549312;-5.820957;,
  38.498339;-3.160743;0.845573;,
  35.963024;-3.180225;4.010515;,
  36.523539;-3.636701;-2.703306;,
  36.523539;-3.636701;-2.703306;,
  35.963024;-3.180225;4.010515;,
  36.066426;-1.447483;2.572587;,
  -5.810066;40.252218;6.620733;,
  -2.943127;37.477098;26.876486;,
  -15.893085;40.422950;28.764989;,
  -15.893085;40.422950;28.764989;,
  -18.144314;43.786915;2.033445;,
  -5.810066;40.252218;6.620733;,
  -18.144314;43.786915;2.033445;,
  -15.893085;40.422950;28.764989;,
  -27.299347;35.910979;28.557414;,
  -27.299347;35.910979;28.557414;,
  -29.925722;40.103325;-2.907547;,
  -18.144314;43.786915;2.033445;,
  -30.323517;43.320781;30.725878;,
  -32.965920;48.894995;-3.652395;,
  -29.925722;40.103325;-2.907547;,
  -29.925722;40.103325;-2.907547;,
  -27.299347;35.910979;28.557414;,
  -30.323517;43.320781;30.725878;,
  -3.083145;51.212912;8.508878;,
  -11.034809;56.155597;5.847812;,
  -9.929081;51.182106;31.088646;,
  -9.929081;51.182106;31.088646;,
  -1.445240;44.989274;28.734144;,
  -3.083145;51.212912;8.508878;,
  -11.034809;56.155597;5.847812;,
  -22.739586;57.366438;1.270259;,
  -20.661464;50.780326;31.906896;,
  -20.661464;50.780326;31.906896;,
  -9.929081;51.182106;31.088646;,
  -11.034809;56.155597;5.847812;,
  -22.739586;57.366438;1.270259;,
  -32.965920;48.894995;-3.652395;,
  -30.323517;43.320781;30.725878;,
  -30.323517;43.320781;30.725878;,
  -20.661464;50.780326;31.906896;,
  -22.739586;57.366438;1.270259;,
  -4.200905;41.034896;-0.066956;,
  -4.081375;44.484246;11.759964;,
  -14.978310;46.435424;-8.513222;,
  -14.978310;46.435424;-8.513222;,
  -10.815522;43.137776;-31.310493;,
  -4.200905;41.034896;-0.066956;,
  -10.815522;43.137776;-31.310493;,
  -14.978310;46.435424;-8.513222;,
  -26.028808;42.592362;-21.342434;,
  -26.028808;42.592362;-21.342434;,
  -18.201691;39.815578;-57.185261;,
  -10.815522;43.137776;-31.310493;,
  -29.448333;43.002934;30.612829;,
  -31.426765;50.503462;-26.405701;,
  -26.028808;42.592362;-21.342434;,
  -26.028808;42.592362;-21.342434;,
  -26.647262;37.589066;28.943872;,
  -29.448333;43.002934;30.612829;,
  -4.081375;44.484246;11.759964;,
  -11.749122;57.363699;-9.169839;,
  -10.285427;50.265312;30.877565;,
  -10.285427;50.265312;30.877565;,
  -2.625164;44.235437;28.412800;,
  -4.081375;44.484246;11.759964;,
  -2.625164;44.235437;28.412800;,
  -3.518112;37.674256;27.015443;,
  -4.081375;44.484246;11.759964;,
  -11.749122;57.363699;-9.169839;,
  -21.511150;56.284986;-19.594794;,
  -21.482510;48.668026;31.420570;,
  -21.482510;48.668026;31.420570;,
  -10.285427;50.265312;30.877565;,
  -11.749122;57.363699;-9.169839;,
  -21.482510;48.668026;31.420570;,
  -21.511150;56.284986;-19.594794;,
  -31.426765;50.503462;-26.405701;,
  -31.426765;50.503462;-26.405701;,
  -29.448333;43.002934;30.612829;,
  -21.482510;48.668026;31.420570;,
  -4.081375;44.484246;11.759964;,
  -3.518112;37.674256;27.015443;,
  -15.502712;41.426758;28.995984;,
  -15.502712;41.426758;28.995984;,
  -14.978310;46.435424;-8.513222;,
  -4.081375;44.484246;11.759964;,
  -14.978310;46.435424;-8.513222;,
  -15.502712;41.426758;28.995984;,
  -26.647262;37.589066;28.943872;,
  -26.647262;37.589066;28.943872;,
  -26.028808;42.592362;-21.342434;,
  -14.978310;46.435424;-8.513222;,
  -31.426765;50.503462;-26.405701;,
  -29.113107;48.868496;-45.806333;,
  -18.201691;39.815578;-57.185261;,
  -18.201691;39.815578;-57.185261;,
  -26.028808;42.592362;-21.342434;,
  -31.426765;50.503462;-26.405701;,
  -7.451210;54.594886;-30.720784;,
  -13.440666;55.078426;-55.097363;,
  -21.511150;56.284986;-19.594794;,
  -21.511150;56.284986;-19.594794;,
  -11.749122;57.363699;-9.169839;,
  -7.451210;54.594886;-30.720784;,
  -13.440666;55.078426;-55.097363;,
  -29.113107;48.868496;-45.806333;,
  -31.426765;50.503462;-26.405701;,
  -31.426765;50.503462;-26.405701;,
  -21.511150;56.284986;-19.594794;,
  -13.440666;55.078426;-55.097363;,
  -4.449528;48.779008;-5.247694;,
  -7.451210;54.594886;-30.720784;,
  -11.749122;57.363699;-9.169839;,
  -11.749122;57.363699;-9.169839;,
  -4.081375;44.484246;11.759964;,
  -4.449528;48.779008;-5.247694;,
  -30.593779;50.217926;-26.606862;,
  -21.975274;44.611866;-81.785645;,
  -10.658607;41.884403;-78.195878;,
  -10.658607;41.884403;-78.195878;,
  -25.423325;44.150048;-20.983816;,
  -30.593779;50.217926;-26.606862;,
  -11.602749;56.704422;-9.379387;,
  -6.317520;46.304842;6.562739;,
  0.935181;41.187443;-48.397747;,
  0.935181;41.187443;-48.397747;,
  -0.601295;47.044496;-66.933626;,
  -11.602749;56.704422;-9.379387;,
  -0.601295;47.044496;-66.933626;,
  -9.284077;45.416237;-79.005824;,
  -21.406528;55.518272;-19.829077;,
  -21.406528;55.518272;-19.829077;,
  -11.602749;56.704422;-9.379387;,
  -0.601295;47.044496;-66.933626;,
  -21.406528;55.518272;-19.829077;,
  -9.284077;45.416237;-79.005824;,
  -21.975274;44.611866;-81.785645;,
  -21.975274;44.611866;-81.785645;,
  -30.593779;50.217926;-26.606862;,
  -21.406528;55.518272;-19.829077;,
  0.935181;41.187443;-48.397747;,
  -6.317520;46.304842;6.562739;,
  -14.414592;47.885661;-8.179322;,
  -14.414592;47.885661;-8.179322;,
  -2.582088;43.735517;-64.562323;,
  0.935181;41.187443;-48.397747;,
  -2.582088;43.735517;-64.562323;,
  -14.414592;47.885661;-8.179322;,
  -25.423325;44.150048;-20.983816;,
  -25.423325;44.150048;-20.983816;,
  -10.658607;41.884403;-78.195878;,
  -2.582088;43.735517;-64.562323;,
  54.870406;40.422698;28.764890;,
  41.920531;37.476838;26.876557;,
  44.787501;40.252186;6.620790;,
  44.787501;40.252186;6.620790;,
  57.121760;43.786851;2.033493;,
  54.870406;40.422698;28.764890;,
  66.276755;35.910758;28.557504;,
  54.870406;40.422698;28.764890;,
  57.121760;43.786851;2.033493;,
  57.121760;43.786851;2.033493;,
  68.903162;40.103226;-2.907497;,
  66.276755;35.910758;28.557504;,
  68.903162;40.103226;-2.907497;,
  71.943379;48.894896;-3.652332;,
  69.300890;43.320579;30.725955;,
  69.300890;43.320579;30.725955;,
  66.276755;35.910758;28.557504;,
