xof 0303txt 0032
template ColorRGBA {
 <35ff44e0-6c7c-11cf-8f52-0040333594a3>
 FLOAT red;
 FLOAT green;
 FLOAT blue;
 FLOAT alpha;
}

template ColorRGB {
 <d3e16e81-7835-11cf-8f52-0040333594a3>
 FLOAT red;
 FLOAT green;
 FLOAT blue;
}

template Material {
 <3d82ab4d-62da-11cf-ab39-0020af71e433>
 ColorRGBA faceColor;
 FLOAT power;
 ColorRGB specularColor;
 ColorRGB emissiveColor;
 [...]
}

template TextureFilename {
 <a42790e1-7810-11cf-8f52-0040333594a3>
 STRING filename;
}

template Frame {
 <3d82ab46-62da-11cf-ab39-0020af71e433>
 [...]
}

template Matrix4x4 {
 <f6f23f45-7686-11cf-8f52-0040333594a3>
 array FLOAT matrix[16];
}

template FrameTransformMatrix {
 <f6f23f41-7686-11cf-8f52-0040333594a3>
 Matrix4x4 frameMatrix;
}

template Vector {
 <3d82ab5e-62da-11cf-ab39-0020af71e433>
 FLOAT x;
 FLOAT y;
 FLOAT z;
}

template MeshFace {
 <3d82ab5f-62da-11cf-ab39-0020af71e433>
 DWORD nFaceVertexIndices;
 array DWORD faceVertexIndices[nFaceVertexIndices];
}

template Mesh {
 <3d82ab44-62da-11cf-ab39-0020af71e433>
 DWORD nVertices;
 array Vector vertices[nVertices];
 DWORD nFaces;
 array MeshFace faces[nFaces];
 [...]
}

template MeshNormals {
 <f6f23f43-7686-11cf-8f52-0040333594a3>
 DWORD nNormals;
 array Vector normals[nNormals];
 DWORD nFaceNormals;
 array MeshFace faceNormals[nFaceNormals];
}

template MeshMaterialList {
 <f6f23f42-7686-11cf-8f52-0040333594a3>
 DWORD nMaterials;
 DWORD nFaceIndexes;
 array DWORD faceIndexes[nFaceIndexes];
 [Material <3d82ab4d-62da-11cf-ab39-0020af71e433>]
}

template Coords2d {
 <f6f23f44-7686-11cf-8f52-0040333594a3>
 FLOAT u;
 FLOAT v;
}

template MeshTextureCoords {
 <f6f23f40-7686-11cf-8f52-0040333594a3>
 DWORD nTextureCoords;
 array Coords2d textureCoords[nTextureCoords];
}

template XSkinMeshHeader {
 <3cf169ce-ff7c-44ab-93c0-f78f62d172e2>
 WORD nMaxSkinWeightsPerVertex;
 WORD nMaxSkinWeightsPerFace;
 WORD nBones;
}

template SkinWeights {
 <6f0d123b-bad2-4167-a0d0-80224f25fabb>
 STRING transformNodeName;
 DWORD nWeights;
 array DWORD vertexIndices[nWeights];
 array FLOAT weights[nWeights];
 Matrix4x4 matrixOffset;
}

template AnimTicksPerSecond {
 <9e415a43-7ba6-4a73-8743-b73d47e88476>
 DWORD AnimTicksPerSecond;
}

template Animation {
 <3d82ab4f-62da-11cf-ab39-0020af71e433>
 [...]
}

template AnimationSet {
 <3d82ab50-62da-11cf-ab39-0020af71e433>
 [Animation <3d82ab4f-62da-11cf-ab39-0020af71e433>]
}

template FloatKeys {
 <10dd46a9-775b-11cf-8f52-0040333594a3>
 DWORD nValues;
 array FLOAT values[nValues];
}

template TimedFloatKeys {
 <f406b180-7b3b-11cf-8f52-0040333594a3>
 DWORD time;
 FloatKeys tfkeys;
}

template AnimationKey {
 <10dd46a8-775b-11cf-8f52-0040333594a3>
 DWORD keyType;
 DWORD nKeys;
 array TimedFloatKeys keys[nKeys];
}


Material bodymap03 {
 0.640000;0.640000;0.640000;0.200000;;
 32.642128;
 0.025000;0.025000;0.025000;;
 0.000000;0.000000;0.000000;;

 TextureFilename {
  "bodymap03.dds";
 }
}

Material bodymap01 {
 0.640000;0.640000;0.640000;0.200000;;
 32.642128;
 0.025000;0.025000;0.025000;;
 0.000000;0.000000;0.000000;;

 TextureFilename {
  "bodymap01.dds";
 }
}

Material uni_c3_underwear_c {
 0.640000;0.640000;0.640000;0.200000;;
 32.642128;
 0.025000;0.025000;0.025000;;
 0.000000;0.000000;0.000000;;

 TextureFilename {
  "uni_c3_underwear_c.dds";
 }
}

Frame ARM_male_framework {
 

 FrameTransformMatrix {
  39.370080,0.000000,0.000000,0.000000,0.000000,39.370080,0.000006,0.000000,0.000000,-0.000006,39.370080,0.000000,0.000000,0.000000,0.000000,1.000000;;
 }

 Frame _0__-com {
  

  FrameTransformMatrix {
   1.000000,0.000000,0.000000,0.000000,0.000000,-0.000000,1.000000,0.000000,0.000000,-1.000000,-0.000000,0.000000,-0.026700,-6.911400,108.412096,1.000000;;
  }

  Frame _1___body {
   

   FrameTransformMatrix {
    -0.000000,-0.000000,1.000000,0.000000,1.000000,-0.000000,0.000000,0.000000,0.000000,1.000000,0.000000,0.000000,0.000000,0.000000,-3.651500,1.000000;;
   }

   Frame _3___bodytooll {
    

    FrameTransformMatrix {
     0.000000,-1.000001,0.000000,0.000000,-0.766020,-0.000000,0.642817,0.000000,-0.642818,-0.000000,-0.766020,0.000000,-0.533601,15.718101,3.687012,1.000000;;
    }

    Frame _3___bodytooll_end {
     

     FrameTransformMatrix {
      1.000000,0.000000,0.000000,0.000000,0.000000,1.000000,0.000000,0.000000,-0.000000,0.000000,1.000000,0.000000,0.000000,0.000008,0.999954,1.000000;;
     }
    }
   }

   Frame _4___bodytoolr {
    

    FrameTransformMatrix {
     0.000000,-1.000001,0.000000,0.000000,-0.766020,-0.000000,0.642817,0.000000,-0.642818,-0.000000,-0.766020,0.000000,-0.533600,-15.718104,3.686996,1.000000;;
    }

    Frame _4___bodytoolr_end {
     

     FrameTransformMatrix {
      1.000000,0.000000,0.000000,0.000000,0.000000,1.000000,0.000000,0.000000,-0.000000,0.000000,1.000000,0.000000,0.000000,0.000000,0.999970,1.000000;;
     }
    }
   }

   Frame _5___chest {
    

    FrameTransformMatrix {
     0.981785,-0.000000,0.189998,0.000000,0.000000,1.000000,0.000000,0.000000,-0.189998,-0.000000,0.981785,0.000000,-0.021400,0.000000,9.549805,1.000000;;
    }

    Frame _8___backtool {
     

     FrameTransformMatrix {
      -0.064975,-0.939699,-0.335777,0.000000,-0.935882,-0.059379,0.347276,0.000000,-0.346273,0.336811,-0.875588,0.000000,-8.742861,-5.451702,27.626586,1.000000;;
     }

     Frame _8___backtool_end {
      

      FrameTransformMatrix {
       1.000000,-0.000000,0.000000,0.000000,-0.000000,1.000000,-0.000000,0.000000,0.000000,0.000000,1.000000,0.000000,0.000000,0.000000,0.999985,1.000000;;
      }
     }
    }

    Frame _9__-neck {
     

     FrameTransformMatrix {
      0.987693,0.000000,-0.156408,0.000000,-0.000000,1.000000,-0.000000,0.000000,0.156408,0.000000,0.987693,0.000000,-0.003895,0.000000,27.342317,1.000000;;
     }

     Frame _12___head {
      

      FrameTransformMatrix {
       0.999418,0.000000,-0.034100,0.000000,-0.000000,1.000000,-0.000000,0.000000,0.034100,0.000000,0.999418,0.000000,0.000070,0.000000,3.870056,1.000000;;
      }

      Frame _12___head_end {
       

       FrameTransformMatrix {
        1.000000,0.000000,0.000000,0.000000,0.000000,1.000000,0.000000,0.000000,0.000000,-0.000000,1.000000,0.000000,0.000000,0.000000,1.000000,1.000000;;
       }
      }
     }

     Frame _13__-claviclel {
      

      FrameTransformMatrix {
       -0.987565,-0.000003,-0.157211,0.000000,-0.154079,0.198650,0.967883,0.000000,0.031227,0.980070,-0.196180,0.000000,0.003103,2.961900,-0.000031,1.000000;;
      }

      Frame _17___arm1l {
       

       FrameTransformMatrix {
        0.981631,0.186939,-0.038154,0.000000,-0.002170,0.210901,0.977505,0.000000,0.190780,-0.959466,0.207432,0.000000,-0.000027,-0.000244,11.600033,1.000000;;
       }

       Frame _19___arm2l {
        

        FrameTransformMatrix {
         0.999968,0.000231,0.008000,0.000000,-0.000231,1.000000,-0.000000,0.000000,-0.008000,-0.000001,0.999968,0.000000,0.000000,0.000883,24.923141,1.000000;;
        }

        Frame _21___arm2tooll {
         

         FrameTransformMatrix {
          0.164175,-0.983379,-0.077542,0.000000,-0.135473,0.055386,-0.989232,0.000000,0.977084,0.172912,-0.124128,0.000000,-0.145994,4.385761,12.630592,1.000000;;
         }

         Frame _21___arm2tooll_end {
          

          FrameTransformMatrix {
           1.000000,-0.000000,0.000000,0.000000,0.000000,1.000000,0.000000,0.000000,-0.000000,-0.000000,1.000000,0.000000,0.000001,0.000008,1.000050,1.000000;;
          }
         }
        }

        Frame _22___handl {
         

         FrameTransformMatrix {
          0.000852,-1.000000,0.000000,0.000000,0.999999,0.000852,-0.000000,0.000000,0.000000,0.000000,1.000000,0.000000,-0.000318,0.000736,21.485520,1.000000;;
         }

         Frame _24___handtooll {
          

          FrameTransformMatrix {
           -0.999919,0.000922,0.012700,0.000000,-0.012730,-0.095151,-0.995382,0.000000,0.000291,-0.995463,0.095155,0.000000,0.776835,-0.823417,7.655975,1.000000;;
          }

          Frame _24___handtooll_end {
           

           FrameTransformMatrix {
            1.000000,0.000000,0.000000,0.000000,0.000000,1.000000,0.000000,0.000000,0.000000,0.000000,1.000000,0.000000,-0.000001,0.000008,1.000009,1.000000;;
           }
          }
         }
        }
       }
      }
     }

     Frame _14__-clavicler {
      

      FrameTransformMatrix {
       -0.987565,0.000003,-0.157211,0.000000,0.154078,0.198650,-0.967883,0.000000,0.031227,-0.980070,-0.196180,0.000000,0.003102,-2.961899,-0.000031,1.000000;;
      }

      Frame _18___arm1r {
       

       FrameTransformMatrix {
        0.981630,-0.186939,-0.038154,0.000000,0.002169,0.210899,-0.977506,0.000000,0.190780,0.959467,0.207431,0.000000,-0.000137,0.000168,11.600017,1.000000;;
       }

       Frame _20___arm2r {
        

        FrameTransformMatrix {
         0.999968,-0.000231,0.008000,0.000000,0.000231,1.000000,0.000002,0.000000,-0.008000,0.000000,0.999968,0.000000,-0.000001,-0.000818,24.923118,1.000000;;
        }

        Frame _23___handr {
         

         FrameTransformMatrix {
          0.000851,1.000000,-0.000000,0.000000,-0.999999,0.000851,-0.000000,0.000000,-0.000000,0.000000,1.000000,0.000000,-0.000318,-0.000740,21.485526,1.000000;;
         }

         Frame _25___handtoolr {
          

          FrameTransformMatrix {
           0.999919,0.000922,-0.012700,0.000000,-0.012730,0.095151,-0.995381,0.000000,0.000290,0.995462,0.095155,0.000000,0.776832,0.823316,7.655990,1.000000;;
          }

          Frame _25___handtoolr_end {
           

           FrameTransformMatrix {
            1.000000,-0.000000,0.000000,0.000000,0.000000,1.000000,0.000000,0.000000,0.000000,0.000000,1.000000,0.000000,0.000001,0.000008,1.000010,1.000000;;
           }
          }
         }

         Frame _26___i0111 {
          

          FrameTransformMatrix {
           -0.793488,0.603534,0.078249,0.000000,0.070590,0.218981,-0.973172,0.000000,-0.604478,-0.766677,-0.216362,0.000000,8.015668,-2.848468,-43.843398,1.000000;;
          }

          Frame _26___i0111_end {
           

           FrameTransformMatrix {
            1.000000,0.000000,0.000000,0.000000,-0.000000,1.000000,0.000000,0.000000,0.000000,-0.000000,1.000000,0.000000,-0.000001,-0.000015,1.000019,1.000000;;
           }
          }
         }

         Frame _27___i0112 {
          

          FrameTransformMatrix {
           -0.486349,-0.801608,0.347690,0.000000,-0.629792,0.597427,0.496430,0.000000,-0.605662,0.022466,-0.795405,0.000000,-6.407810,-21.142877,-49.007690,1.000000;;
          }

          Frame _27___i0112_end {
           

           FrameTransformMatrix {
            1.000000,0.000000,-0.000000,0.000000,0.000000,1.000000,-0.000000,0.000000,0.000000,-0.000000,1.000000,0.000000,-0.000004,0.000000,1.000031,1.000000;;
           }
          }
         }

         Frame _28___i0113 {
          

          FrameTransformMatrix {
           -0.180966,0.938406,0.294355,0.000000,0.554638,0.344540,-0.757409,0.000000,-0.812175,0.026195,-0.582826,0.000000,-17.407304,-20.735245,-63.450976,1.000000;;
          }

          Frame _28___i0113_end {
           

           FrameTransformMatrix {
            1.000000,-0.000000,0.000000,0.000000,0.000000,1.000000,0.000000,0.000000,0.000000,-0.000000,1.000000,0.000000,-0.000004,-0.000008,1.000023,1.000000;;
           }
          }
         }

         Frame _29___i0114 {
          

          FrameTransformMatrix {
           -0.244504,0.935845,0.253795,0.000000,-0.960104,-0.197024,-0.198448,0.000000,-0.135713,-0.292191,0.946682,0.000000,-20.129298,-21.568355,-62.195085,1.000000;;
          }

          Frame _29___i0114_end {
           

           FrameTransformMatrix {
            1.000000,-0.000000,0.000000,0.000000,0.000000,1.000000,0.000000,0.000000,0.000000,0.000000,1.000000,0.000000,0.000000,-0.000015,1.000015,1.000000;;
           }
          }
         }

         Frame _30___i0115 {
          

          FrameTransformMatrix {
           -0.185033,0.943093,0.276294,0.000000,-0.658934,0.089522,-0.746855,0.000000,-0.729088,-0.320253,0.604871,0.000000,-22.326230,-21.251397,-64.451110,1.000000;;
          }

          Frame _30___i0115_end {
           

           FrameTransformMatrix {
            1.000000,0.000000,0.000000,0.000000,-0.000000,1.000000,0.000000,0.000000,0.000000,0.000000,1.000000,0.000000,0.000000,-0.000015,0.999981,1.000000;;
           }
          }
         }

         Frame _31___i0116 {
          

          FrameTransformMatrix {
           0.008105,0.943694,0.330721,0.000000,0.586734,0.263327,-0.765769,0.000000,-0.809739,0.200252,-0.551563,0.000000,-23.887102,-20.716461,-68.164186,1.000000;;
          }

          Frame _31___i0116_end {
           

           FrameTransformMatrix {
            1.000000,-0.000000,0.000000,0.000000,0.000000,1.000000,-0.000000,0.000000,0.000000,-0.000000,1.000000,0.000000,0.000000,0.000008,1.000008,1.000000;;
           }
          }
         }

         Frame _32___i0117 {
          

          FrameTransformMatrix {
           -0.788054,-0.615570,-0.006529,0.000000,-0.137790,0.186716,-0.972703,0.000000,0.599986,-0.765643,-0.231962,0.000000,20.771637,-2.837104,-44.004944,1.000000;;
          }

          Frame _32___i0117_end {
           

           FrameTransformMatrix {
            1.000000,0.000000,-0.000000,0.000000,-0.000000,1.000000,0.000000,0.000000,-0.000000,0.000000,1.000000,0.000000,-0.000000,0.000000,1.000042,1.000000;;
           }
          }
         }

         Frame _33___i0118 {
          

          FrameTransformMatrix {
           0.496504,-0.800702,0.335203,0.000000,-0.641096,-0.598600,-0.480286,0.000000,0.585218,0.023566,-0.810534,0.000000,35.093222,-21.104901,-49.534288,1.000000;;
          }

          Frame _33___i0118_end {
           

           FrameTransformMatrix {
            1.000000,0.000000,-0.000000,0.000000,0.000000,1.000000,-0.000000,0.000000,0.000000,0.000000,1.000000,0.000000,0.000004,0.000008,1.000046,1.000000;;
           }
          }
         }

         Frame _34___i0119 {
          

          FrameTransformMatrix {
           0.186704,0.938712,0.289758,0.000000,0.574309,-0.343587,0.743046,0.000000,0.797063,0.027681,-0.603260,0.000000,45.721763,-20.676813,-64.252883,1.000000;;
          }

          Frame _34___i0119_end {
           

           FrameTransformMatrix {
            1.000000,0.000000,-0.000000,0.000000,-0.000000,1.000000,-0.000000,0.000000,0.000000,0.000000,1.000000,0.000000,0.000000,0.000000,1.000031,1.000000;;
           }
          }
         }

         Frame _35___i0120 {
          

          FrameTransformMatrix {
           -0.001194,0.943577,0.331151,0.000000,0.606485,-0.262613,0.750473,0.000000,0.795094,0.201734,-0.571952,0.000000,52.079933,-20.646787,-69.128659,1.000000;;
          }

          Frame _35___i0120_end {
           

           FrameTransformMatrix {
            1.000000,-0.000000,0.000000,0.000000,0.000000,1.000000,-0.000000,0.000000,-0.000000,0.000000,1.000000,0.000000,0.000000,-0.000023,1.000023,1.000000;;
           }
          }
         }

         Frame _36___i0121 {
          

          FrameTransformMatrix {
           0.189629,0.943352,0.272265,0.000000,-0.639776,-0.091631,0.763080,0.000000,0.744801,-0.318891,0.586158,0.000000,50.614755,-21.184722,-65.376755,1.000000;;
          }

          Frame _36___i0121_end {
           

           FrameTransformMatrix {
            1.000000,-0.000000,0.000000,0.000000,0.000000,1.000000,0.000000,0.000000,0.000000,0.000000,1.000000,0.000000,0.000000,0.000015,0.999992,1.000000;;
           }
          }
         }

         Frame _37___i0122 {
          

          FrameTransformMatrix {
           0.248423,0.936447,0.247693,0.000000,-0.955304,0.194552,0.222583,0.000000,0.160248,-0.291917,0.942924,0.000000,48.476723,-21.504766,-63.066867,1.000000;;
          }

          Frame _37___i0122_end {
           

           FrameTransformMatrix {
            1.000000,0.000000,0.000000,0.000000,0.000000,1.000000,0.000000,0.000000,0.000000,0.000000,1.000000,0.000000,0.000000,0.000000,1.000031,1.000000;;
           }
          }
         }

         Frame _38___i0123 {
          

          FrameTransformMatrix {
           -0.163449,0.914554,0.369967,0.000000,0.383217,-0.286705,0.878035,0.000000,0.909082,0.285292,-0.303611,0.000000,70.862182,-15.881541,-82.638106,1.000000;;
          }

          Frame _38___i0123_end {
           

           FrameTransformMatrix {
            1.000000,0.000000,0.000000,0.000000,0.000000,1.000000,0.000000,0.000000,0.000000,-0.000000,1.000000,0.000000,0.000000,-0.000015,0.999977,1.000000;;
           }
          }
         }

         Frame _39___i0124 {
          

          FrameTransformMatrix {
           0.171336,0.915046,0.365150,0.000000,0.360155,0.286805,-0.887711,0.000000,-0.917024,0.283607,-0.280418,0.000000,-43.014762,-15.986088,-81.191878,1.000000;;
          }

          Frame _39___i0124_end {
           

           FrameTransformMatrix {
            1.000000,0.000000,0.000000,0.000000,0.000000,1.000000,0.000000,0.000000,0.000000,0.000000,1.000000,0.000000,-0.000015,0.000000,0.999970,1.000000;;
           }
          }
         }

         Frame _40___i0125 {
          

          FrameTransformMatrix {
           -0.369479,0.860123,0.351672,0.000000,-0.927884,-0.361931,-0.089652,0.000000,0.050169,-0.359435,0.931820,0.000000,-26.487219,-25.157445,-62.101165,1.000000;;
          }

          Frame _40___i0125_end {
           

           FrameTransformMatrix {
            1.000000,0.000000,0.000000,0.000000,0.000000,1.000000,-0.000000,0.000000,-0.000000,0.000000,1.000000,0.000000,0.000008,0.000004,1.000000,1.000000;;
           }
          }
         }

         Frame _41___i0126 {
          

          FrameTransformMatrix {
           -0.171330,0.929995,0.325201,0.000000,-0.754721,0.088281,-0.650079,0.000000,-0.633279,-0.356814,0.686762,0.000000,-29.059206,-24.574566,-63.947309,1.000000;;
          }

          Frame _41___i0126_end {
           

           FrameTransformMatrix {
            1.000000,-0.000000,0.000000,0.000000,-0.000000,1.000000,-0.000000,0.000000,0.000000,-0.000000,1.000000,0.000000,0.000008,-0.000015,1.000031,1.000000;;
           }
          }
         }

         Frame _42___i0127 {
          

          FrameTransformMatrix {
           -0.038755,0.841735,0.538497,0.000000,0.495696,0.484115,-0.721054,0.000000,-0.867631,0.238986,-0.436007,0.000000,-29.866109,-23.071667,-68.211347,1.000000;;
          }

          Frame _42___i0127_end {
           

           FrameTransformMatrix {
            1.000000,0.000000,0.000000,0.000000,-0.000000,1.000000,0.000000,0.000000,0.000000,0.000000,1.000000,0.000000,-0.000008,0.000000,1.000008,1.000000;;
           }
          }
         }

         Frame _43___i0128 {
          

          FrameTransformMatrix {
           0.589952,-0.687905,0.422780,0.000000,-0.624618,-0.720623,-0.300925,0.000000,0.511673,-0.086544,-0.854811,0.000000,40.728218,-21.570733,-47.604064,1.000000;;
          }

          Frame _43___i0128_end {
           

           FrameTransformMatrix {
            1.000000,-0.000000,0.000000,0.000000,0.000000,1.000000,0.000000,0.000000,0.000000,0.000000,1.000000,0.000000,0.000006,0.000000,0.999954,1.000000;;
           }
          }
         }

         Frame _44___i0129 {
          

          FrameTransformMatrix {
           0.297132,0.835214,0.462741,0.000000,0.508299,-0.548612,0.663820,0.000000,0.808297,0.037969,-0.587549,0.000000,50.273750,-23.184768,-63.551680,1.000000;;
          }

          Frame _44___i0129_end {
           

           FrameTransformMatrix {
            1.000000,-0.000000,0.000000,0.000000,0.000000,1.000000,0.000000,0.000000,0.000000,-0.000000,1.000000,0.000000,-0.000015,-0.000008,0.999977,1.000000;;
           }
          }
         }

         Frame _45___i0130 {
          

          FrameTransformMatrix {
           0.051099,0.841604,0.537672,0.000000,0.514721,-0.483556,0.707980,0.000000,0.855834,0.240574,-0.457900,0.000000,58.059942,-22.990666,-69.327546,1.000000;;
          }

          Frame _45___i0130_end {
           

           FrameTransformMatrix {
            1.000000,0.000000,0.000000,0.000000,0.000000,1.000000,0.000000,0.000000,0.000000,0.000000,1.000000,0.000000,0.000000,0.000000,1.000000,1.000000;;
           }
          }
         }

         Frame _46___i0131 {
          

          FrameTransformMatrix {
           0.177035,0.930221,0.321478,0.000000,-0.737987,-0.090648,0.668699,0.000000,0.651179,-0.355629,0.670443,0.000000,57.364858,-24.494638,-65.045530,1.000000;;
          }

          Frame _46___i0131_end {
           

           FrameTransformMatrix {
            1.000000,0.000000,0.000000,0.000000,-0.000000,1.000000,-0.000000,0.000000,0.000000,0.000000,1.000000,0.000000,-0.000008,0.000000,1.000008,1.000000;;
           }
          }
         }

         Frame _47___i0132 {
          

          FrameTransformMatrix {
           0.376172,0.861020,0.342257,0.000000,-0.926190,0.359724,0.113005,0.000000,-0.025818,-0.359504,0.932786,0.000000,54.841760,-25.082613,-63.134534,1.000000;;
          }

          Frame _47___i0132_end {
           

           FrameTransformMatrix {
            1.000000,-0.000000,0.000000,0.000000,0.000000,1.000000,0.000000,0.000000,0.000000,0.000000,1.000000,0.000000,0.000011,0.000004,0.999970,1.000000;;
           }
          }
         }

         Frame _48___i0133 {
          

          FrameTransformMatrix {
           -0.577842,-0.688906,0.437615,0.000000,-0.618054,0.719549,0.316636,0.000000,-0.533019,-0.087504,-0.841567,0.000000,-11.991782,-21.618962,-46.933792,1.000000;;
          }

          Frame _48___i0133_end {
           

           FrameTransformMatrix {
            1.000000,-0.000000,0.000000,0.000000,0.000000,1.000000,0.000000,0.000000,0.000000,-0.000000,1.000000,0.000000,-0.000004,0.000004,1.000061,1.000000;;
           }
          }
         }

         Frame _49___i0134 {
          

          FrameTransformMatrix {
           -0.286826,0.834676,0.470156,0.000000,0.490264,0.549533,-0.676502,0.000000,-0.823026,0.036462,-0.566832,0.000000,-21.935282,-23.251370,-62.635130,1.000000;;
          }

          Frame _49___i0134_end {
           

           FrameTransformMatrix {
            1.000000,0.000000,-0.000000,0.000000,0.000000,1.000000,0.000000,0.000000,0.000000,-0.000000,1.000000,0.000000,-0.000008,0.000008,0.999970,1.000000;;
           }
          }
         }

         Frame _50___i0135 {
          

          FrameTransformMatrix {
           0.284532,0.770126,0.570918,0.000000,0.258162,0.511980,-0.819286,0.000000,-0.923252,0.380502,-0.053142,0.000000,-54.983834,-16.152386,-80.833312,1.000000;;
          }

          Frame _50___i0135_end {
           

           FrameTransformMatrix {
            1.000000,0.000000,0.000000,0.000000,0.000000,1.000000,0.000000,0.000000,0.000000,0.000000,1.000000,0.000000,0.000015,0.000008,0.999947,1.000000;;
           }
          }
         }

         Frame _51___i0136 {
          

          FrameTransformMatrix {
           -0.271002,0.768956,0.579021,0.000000,0.280180,-0.512471,0.811710,0.000000,0.920900,0.382205,-0.076565,0.000000,82.836166,-16.025253,-82.583834,1.000000;;
          }

          Frame _51___i0136_end {
           

           FrameTransformMatrix {
            1.000000,0.000000,0.000000,0.000000,-0.000000,1.000000,0.000000,0.000000,0.000000,-0.000000,1.000000,0.000000,0.000000,-0.000015,0.999939,1.000000;;
           }
          }
         }

         Frame _52___i0137 {
          

          FrameTransformMatrix {
           0.737797,-0.648808,-0.186287,0.000000,-0.195709,-0.469721,0.860849,0.000000,-0.646028,-0.598674,-0.473536,0.000000,8.164227,-2.942304,-32.161453,1.000000;;
          }

          Frame _52___i0137_end {
           

           FrameTransformMatrix {
            1.000000,0.000000,-0.000000,0.000000,-0.000000,1.000000,-0.000000,0.000000,-0.000000,0.000000,1.000000,0.000000,-0.000002,0.000008,0.999977,1.000000;;
           }
          }
         }

         Frame _53___i0138 {
          

          FrameTransformMatrix {
           -0.742060,-0.648070,-0.171323,0.000000,-0.215062,0.472235,-0.854834,0.000000,0.634898,-0.597493,-0.489803,0.000000,20.920296,-2.929940,-32.322998,1.000000;;
          }

          Frame _53___i0138_end {
           

           FrameTransformMatrix {
            1.000000,0.000000,-0.000000,0.000000,0.000000,1.000000,0.000000,0.000000,0.000000,-0.000000,1.000000,0.000000,0.000002,-0.000008,0.999970,1.000000;;
           }
          }
         }

         Frame _54___i1001 {
          

          FrameTransformMatrix {
           0.991979,-0.000197,0.126406,0.000000,-0.000821,0.999968,0.008000,0.000000,-0.126404,-0.008039,0.991946,0.000000,-0.093290,1.378875,-4.213455,1.000000;;
          }

          Frame _54___i1001_end {
           

           FrameTransformMatrix {
            1.000000,0.000000,0.000000,0.000000,0.000000,1.000000,-0.000000,0.000000,-0.000000,0.000000,1.000000,0.000000,0.000000,0.000000,1.000000,1.000000;;
           }
          }
         }

         Frame _55___i1002 {
          

          FrameTransformMatrix {
           0.990763,0.001898,-0.135591,0.000000,-0.000821,0.999967,0.008000,0.000000,0.135602,-0.007815,0.990732,0.000000,30.097392,1.403299,-4.168686,1.000000;;
          }

          Frame _55___i1002_end {
           

           FrameTransformMatrix {
            1.000000,0.000000,-0.000000,0.000000,0.000000,1.000000,-0.000000,0.000000,-0.000000,-0.000000,1.000000,0.000000,-0.000004,0.000000,0.999992,1.000000;;
           }
          }
         }

         Frame _56___i1003 {
          

          FrameTransformMatrix {
           -0.000994,-0.988669,-0.150107,0.000000,0.999919,0.000922,-0.012699,0.000000,0.012694,-0.150107,0.988589,0.000000,14.863323,-10.638375,-7.558388,1.000000;;
          }

          Frame _56___i1003_end {
           

           FrameTransformMatrix {
            1.000000,0.000000,-0.000000,0.000000,0.000000,1.000000,0.000000,0.000000,0.000000,-0.000000,1.000000,0.000000,0.000000,0.000000,0.999962,1.000000;;
           }
          }
         }

         Frame _57___i1004 {
          

          FrameTransformMatrix {
           -0.000876,-0.990021,-0.140913,0.000000,0.999919,0.000922,-0.012700,0.000000,0.012703,-0.140913,0.989940,0.000000,15.539072,-18.029390,45.109597,1.000000;;
          }

          Frame _57___i1004_end {
           

           FrameTransformMatrix {
            1.000000,0.000000,0.000000,0.000000,0.000000,1.000000,0.000000,0.000000,0.000000,-0.000000,1.000000,0.000000,0.000002,0.000000,0.999985,1.000000;;
           }
          }
         }

         Frame _58___i1005 {
          

          FrameTransformMatrix {
           0.996221,0.000123,0.086857,0.000000,-0.000821,0.999968,0.008000,0.000000,-0.086853,-0.008041,0.996189,0.000000,-5.453444,0.974836,45.740346,1.000000;;
          }

          Frame _58___i1005_end {
           

           FrameTransformMatrix {
            1.000000,-0.000000,0.000000,0.000000,0.000000,1.000000,0.000000,0.000000,0.000000,-0.000000,1.000000,0.000000,-0.000002,-0.000000,0.999958,1.000000;;
           }
          }
         }

         Frame _59___i1006 {
          

          FrameTransformMatrix {
           0.992735,0.001777,-0.120311,0.000000,-0.000821,0.999968,0.008000,0.000000,0.120322,-0.007843,0.992704,0.000000,36.514122,1.008400,45.850938,1.000000;;
          }

          Frame _59___i1006_end {
           

           FrameTransformMatrix {
            1.000000,0.000000,-0.000000,0.000000,0.000000,1.000000,0.000000,0.000000,0.000000,-0.000000,1.000000,0.000000,0.000000,0.000000,1.000011,1.000000;;
           }
          }
         }

         Frame _60___i1007 {
          

          FrameTransformMatrix {
           -0.000696,-0.991924,-0.126831,0.000000,0.999920,0.000922,-0.012701,0.000000,0.012715,-0.126829,0.991843,0.000000,15.215051,-14.796942,19.832490,1.000000;;
          }

          Frame _60___i1007_end {
           

           FrameTransformMatrix {
            1.000000,0.000000,0.000000,0.000000,0.000000,1.000000,-0.000000,0.000000,0.000000,-0.000000,1.000000,0.000000,0.000000,-0.000000,0.999992,1.000000;;
           }
          }
         }

         Frame _61___i1008 {
          

          FrameTransformMatrix {
           0.996151,0.000116,0.087648,0.000000,-0.000821,0.999968,0.008000,0.000000,-0.087644,-0.008041,0.996119,0.000000,-3.208374,1.180731,20.234398,1.000000;;
          }

          Frame _61___i1008_end {
           

           FrameTransformMatrix {
            1.000000,0.000000,-0.000000,0.000000,0.000000,1.000000,-0.000000,0.000000,-0.000000,0.000000,1.000000,0.000000,-0.000002,0.000000,1.000038,1.000000;;
           }
          }
         }

         Frame _62___i1009 {
          

          FrameTransformMatrix {
           0.992843,0.001770,-0.119410,0.000000,-0.000821,0.999968,0.008000,0.000000,0.119421,-0.007845,0.992813,0.000000,33.401872,1.212790,19.983498,1.000000;;
          }

          Frame _62___i1009_end {
           

           FrameTransformMatrix {
            1.000000,-0.000000,0.000000,0.000000,0.000000,1.000000,0.000000,0.000000,-0.000000,-0.000000,1.000000,0.000000,0.000000,0.000000,1.000015,1.000000;;
           }
          }
         }

         Frame _63___i1010 {
          

          FrameTransformMatrix {
           -0.000739,-0.991484,-0.130227,0.000000,0.999919,0.000922,-0.012700,0.000000,0.012711,-0.130225,0.991403,0.000000,14.518515,-11.525082,-34.771178,1.000000;;
          }

          Frame _63___i1010_end {
           

           FrameTransformMatrix {
            1.000000,0.000000,0.000000,0.000000,0.000000,1.000000,-0.000000,0.000000,-0.000000,0.000000,1.000000,0.000000,0.000000,-0.000000,1.000008,1.000000;;
           }
          }
         }

         Frame _64___i1011 {
          

          FrameTransformMatrix {
           -0.000615,-0.992708,-0.120542,0.000000,0.999920,0.000922,-0.012700,0.000000,0.012719,-0.120540,0.992627,0.000000,14.910696,-15.541578,-4.184883,1.000000;;
          }

          Frame _64___i1011_end {
           

           FrameTransformMatrix {
            1.000000,-0.000000,0.000000,0.000000,0.000000,1.000000,0.000000,0.000000,0.000000,-0.000000,1.000000,0.000000,0.000000,-0.000000,0.999962,1.000000;;
           }
          }
         }

         Frame _65___i1012 {
          

          FrameTransformMatrix {
           -0.000761,-0.991260,-0.131922,0.000000,0.999919,0.000923,-0.012701,0.000000,0.012711,-0.131921,0.991179,0.000000,15.336702,-19.579443,29.063568,1.000000;;
          }

          Frame _65___i1012_end {
           

           FrameTransformMatrix {
            1.000000,0.000000,0.000000,0.000000,-0.000000,1.000000,0.000000,0.000000,0.000000,-0.000000,1.000000,0.000000,0.000000,0.000000,1.000015,1.000000;;
           }
          }
         }

         Frame _66___i1013 {
          

          FrameTransformMatrix {
           0.999726,0.001007,-0.023399,0.000000,-0.000820,0.999967,0.007999,0.000000,0.023406,-0.007978,0.999695,0.000000,14.691206,12.790457,-6.636429,1.000000;;
          }

          Frame _66___i1013_end {
           

           FrameTransformMatrix {
            1.000000,-0.000000,-0.000000,0.000000,0.000000,1.000000,0.000000,0.000000,-0.000000,0.000000,1.000000,0.000000,0.000000,-0.000001,0.999947,1.000000;;
           }
          }
         }

         Frame _67___i1014 {
          

          FrameTransformMatrix {
           0.999726,0.001007,-0.023399,0.000000,-0.000820,0.999967,0.007999,0.000000,0.023406,-0.007978,0.999694,0.000000,15.210974,12.595072,17.839760,1.000000;;
          }

          Frame _67___i1014_end {
           

           FrameTransformMatrix {
            1.000000,-0.000000,-0.000000,0.000000,0.000000,1.000000,0.000000,0.000000,-0.000000,0.000000,1.000000,0.000000,0.000000,0.000000,0.999954,1.000000;;
           }
          }
         }
        }
       }
      }
     }
    }
   }

   Frame _6___leg1l {
    

    FrameTransformMatrix {
     0.999943,-0.000000,-0.022205,0.000000,-0.000000,-1.000000,0.000000,0.000000,-0.022201,-0.000000,-0.999754,0.000000,-0.000000,6.246401,0.000000,1.000000;;
    }

    Frame _10___leg2l {
     

     FrameTransformMatrix {
      1.000000,-0.000000,-0.000700,0.000000,0.000000,1.000000,-0.000000,0.000000,0.000700,-0.000000,1.000000,0.000000,0.001374,0.000000,48.600029,1.000000;;
     }

     Frame _15__-footl {
      

      FrameTransformMatrix {
       0.999769,-0.000000,-0.021495,0.000000,0.000000,1.000000,-0.000000,0.000000,0.021495,0.000000,0.999769,0.000000,0.001969,0.000000,48.600090,1.000000;;
      }

      Frame _15__-footl_end {
       

       FrameTransformMatrix {
        1.000000,0.000000,0.000000,0.000000,0.000000,1.000000,-0.000000,0.000000,-0.000000,0.000000,1.000000,0.000000,0.000000,0.000000,0.999999,1.000000;;
       }
      }
     }
    }
   }

   Frame _7___leg1r {
    

    FrameTransformMatrix {
     0.999943,-0.000000,-0.022205,0.000000,-0.000000,-1.000000,0.000000,0.000000,-0.022201,-0.000000,-0.999754,0.000000,0.000000,-6.246400,0.000008,1.000000;;
    }

    Frame _11___leg2r {
     

     FrameTransformMatrix {
      1.000000,-0.000000,-0.000700,0.000000,0.000000,1.000000,-0.000000,0.000000,0.000700,0.000000,1.000000,0.000000,0.001374,0.000002,48.600045,1.000000;;
     }

     Frame _16__-footr {
      

      FrameTransformMatrix {
       0.999769,-0.000000,-0.021495,0.000000,0.000000,1.000000,-0.000000,0.000000,0.021495,0.000000,0.999769,0.000000,0.001970,-0.000001,48.600106,1.000000;;
      }

      Frame _16__-footr_end {
       

       FrameTransformMatrix {
        1.000000,0.000000,0.000000,0.000000,0.000000,1.000000,-0.000000,0.000000,-0.000000,-0.000000,1.000000,0.000000,0.000000,-0.000000,0.999999,1.000000;;
       }
      }
     }
    }
   }
  }

  Frame _2__-footsteps {
   

   FrameTransformMatrix {
    -0.000000,0.000000,-1.000000,0.000000,0.000000,1.000000,0.000000,0.000000,1.000000,0.000000,-0.000000,0.000000,0.000000,-108.163891,0.000000,1.000000;;
   }

   Frame _2__-footsteps_end {
    

    FrameTransformMatrix {
     1.000000,0.000000,0.000000,0.000000,-0.000000,1.000000,0.000000,0.000000,0.000000,0.000000,1.000000,0.000000,0.000000,0.000000,1.000000,1.000000;;
    }
   }
  }
 }
}

Frame dPart {
 

 FrameTransformMatrix {
  39.370845,-0.001164,0.000011,0.000000,0.001164,39.368829,0.000006,0.000000,-0.000011,-0.000006,39.369590,0.000000,-591.61286,107.014464,4240.28186,1.000000;;
 }

 Mesh dPart {
  1128;
  -0.040500;-3.553200;6.216194;,
  -0.433800;-4.541999;0.201500;,
  3.427300;-1.281000;3.259300;,
  3.427300;-1.281000;3.259300;,
  3.056604;-1.375027;9.445518;,
  -0.040500;-3.553200;6.216194;,
  0.121401;3.544500;11.485497;,
  -0.227400;4.541999;4.632698;,
  -3.427300;0.337000;3.299194;,
  -3.427300;0.337000;3.299194;,
  -2.388300;0.801200;9.470497;,
  0.121401;3.544500;11.485497;,
  3.427300;-1.281000;3.259300;,
  2.467900;-1.478000;-11.484100;,
  0.203900;2.265300;-11.485603;,
  0.203900;2.265300;-11.485603;,
  -0.227400;4.541999;4.632698;,
  3.427300;-1.281000;3.259300;,
  -3.427300;0.337000;3.299194;,
  -1.945700;-1.019500;-11.484406;,
  0.065201;-3.362200;-11.469101;,
  0.065201;-3.362200;-11.469101;,
  -0.433800;-4.541999;0.201500;,
  -3.427300;0.337000;3.299194;,
  -2.388300;0.801200;9.470497;,
  -3.427300;0.337000;3.299194;,
  -0.040500;-3.553200;6.216194;,
  -3.427300;0.337000;3.299194;,
  -0.433800;-4.541999;0.201500;,
  -0.040500;-3.553200;6.216194;,
  -0.433800;-4.541999;0.201500;,
  0.065201;-3.362200;-11.469101;,
  3.427300;-1.281000;3.259300;,
  0.065201;-3.362200;-11.469101;,
  2.467900;-1.478000;-11.484100;,
  3.427300;-1.281000;3.259300;,
  -0.227400;4.541999;4.632698;,
  0.203900;2.265300;-11.485603;,
  -3.427300;0.337000;3.299194;,
  0.203900;2.265300;-11.485603;,
  -1.945700;-1.019500;-11.484406;,
  -3.427300;0.337000;3.299194;,
  3.056604;-1.375027;9.445518;,
  3.427300;-1.281000;3.259300;,
  0.121401;3.544500;11.485497;,
  3.427300;-1.281000;3.259300;,
  -0.227400;4.541999;4.632698;,
  0.121401;3.544500;11.485497;,
  0.065201;-3.362200;-11.469101;,
  -1.945700;-1.019500;-11.484406;,
  0.203900;2.265300;-11.485603;,
  0.065201;-3.362200;-11.469101;,
  0.203900;2.265300;-11.485603;,
  2.467900;-1.478000;-11.484100;,
  26.645624;-1.280312;3.259232;,
  30.507014;-4.541182;0.201431;,
  30.094058;-3.552307;6.216124;,
  30.094058;-3.552307;6.216124;,
  26.996832;-1.373691;9.445929;,
  26.645624;-1.280312;3.259232;,
  33.500224;0.337993;3.299125;,
  30.300080;4.542904;4.632628;,
  29.930640;3.545708;11.484980;,
  29.930640;3.545708;11.484980;,
  32.441600;0.802231;9.470426;,
  33.500224;0.337993;3.299125;,
  29.868909;2.266177;-11.485670;,
  27.605130;-1.477356;-11.484068;,
  26.645624;-1.280312;3.259232;,
  26.645624;-1.280312;3.259232;,
  30.300080;4.542904;4.632628;,
  29.868909;2.266177;-11.485670;,
  30.007939;-3.361413;-11.469069;,
  32.018704;-1.018595;-11.484472;,
  33.500224;0.337993;3.299125;,
  33.500224;0.337993;3.299125;,
  30.507014;-4.541182;0.201431;,
  30.007939;-3.361413;-11.469069;,
  30.094058;-3.552307;6.216124;,
  33.500224;0.337993;3.299125;,
  32.441600;0.802231;9.470426;,
  30.094058;-3.552307;6.216124;,
  30.507014;-4.541182;0.201431;,
  33.500224;0.337993;3.299125;,
  26.645624;-1.280312;3.259232;,
  30.007939;-3.361413;-11.469069;,
  30.507014;-4.541182;0.201431;,
  26.645624;-1.280312;3.259232;,
  27.605130;-1.477356;-11.484068;,
  30.007939;-3.361413;-11.469069;,
  33.500224;0.337993;3.299125;,
  29.868909;2.266177;-11.485670;,
  30.300080;4.542904;4.632628;,
  33.500224;0.337993;3.299125;,
  32.018704;-1.018595;-11.484472;,
  29.868909;2.266177;-11.485670;,
  29.930640;3.545708;11.484980;,
  26.645624;-1.280312;3.259232;,
  26.996832;-1.373691;9.445929;,
  29.930640;3.545708;11.484980;,
  30.300080;4.542904;4.632628;,
  26.645624;-1.280312;3.259232;,
  32.018704;-1.018595;-11.484472;,
  30.007939;-3.361413;-11.469069;,
  29.868909;2.266177;-11.485670;,
  27.605130;-1.477356;-11.484068;,
  29.868909;2.266177;-11.485670;,
  30.007939;-3.361413;-11.469069;,
  -2.267366;-0.196282;33.411565;,
  0.191467;-1.779103;33.066166;,
  0.158226;1.088302;34.960518;,
  5.823477;6.135222;31.746538;,
  0.158226;1.088302;34.960518;,
  4.404987;-0.071514;36.037632;,
  4.404987;-0.071514;36.037632;,
  0.158226;1.088302;34.960518;,
  0.191467;-1.779103;33.066166;,
  0.191467;-1.779103;33.066166;,
  3.688640;-3.162952;34.499834;,
  4.404987;-0.071514;36.037632;,
  2.564713;-4.223854;25.442232;,
  4.196066;-0.997341;21.606714;,
  3.048691;3.974902;25.059248;,
  4.196066;-0.997341;21.606714;,
  0.397678;-5.233383;25.717738;,
  -0.271275;-5.529363;17.752491;,
  -2.679018;0.744094;17.566555;,
  -0.470394;4.805234;24.868389;,
  -0.514624;4.627220;18.813088;,
  -0.470394;4.805234;24.868389;,
  -2.679018;0.744094;17.566555;,
  -2.622648;0.655295;23.027533;,
  -3.579534;-1.382830;28.950928;,
  0.397678;-5.233383;25.717738;,
  0.229218;-5.031724;30.458790;,
  -3.394930;2.924364;28.725808;,
  -2.622648;0.655295;23.027533;,
  -3.579534;-1.382830;28.950928;,
  -0.470394;4.805234;24.868389;,
  -2.622648;0.655295;23.027533;,
  -3.394930;2.924364;28.725808;,
  -3.394930;2.924364;28.725808;,
  0.414597;5.748256;30.462019;,
  -0.470394;4.805234;24.868389;,
  0.397678;-5.233383;25.717738;,
  -2.622648;0.655295;23.027533;,
  -2.679018;0.744094;17.566555;,
  0.397678;-5.233383;25.717738;,
  -2.679018;0.744094;17.566555;,
  -0.271275;-5.529363;17.752491;,
  -0.514624;4.627220;18.813088;,
  3.921110;-1.727721;15.109704;,
  3.056604;-1.375027;9.445518;,
  3.056604;-1.375027;9.445518;,
  0.121401;3.544500;11.485497;,
  -0.514624;4.627220;18.813088;,
  -0.040500;-3.553200;6.216194;,
  -2.679018;0.744094;17.566555;,
  -2.388300;0.801200;9.470497;,
  -2.679018;0.744094;17.566555;,
  -0.040500;-3.553200;6.216194;,
