xof 0303txt 0032
template ColorRGBA {
 <35ff44e0-6c7c-11cf-8f52-0040333594a3>
 FLOAT red;
 FLOAT green;
 FLOAT blue;
 FLOAT alpha;
}

template ColorRGB {
 <d3e16e81-7835-11cf-8f52-0040333594a3>
 FLOAT red;
 FLOAT green;
 FLOAT blue;
}

template Material {
 <3d82ab4d-62da-11cf-ab39-0020af71e433>
 ColorRGBA faceColor;
 FLOAT power;
 ColorRGB specularColor;
 ColorRGB emissiveColor;
 [...]
}

template TextureFilename {
 <a42790e1-7810-11cf-8f52-0040333594a3>
 STRING filename;
}

template Frame {
 <3d82ab46-62da-11cf-ab39-0020af71e433>
 [...]
}

template Matrix4x4 {
 <f6f23f45-7686-11cf-8f52-0040333594a3>
 array FLOAT matrix[16];
}

template FrameTransformMatrix {
 <f6f23f41-7686-11cf-8f52-0040333594a3>
 Matrix4x4 frameMatrix;
}

template Vector {
 <3d82ab5e-62da-11cf-ab39-0020af71e433>
 FLOAT x;
 FLOAT y;
 FLOAT z;
}

template MeshFace {
 <3d82ab5f-62da-11cf-ab39-0020af71e433>
 DWORD nFaceVertexIndices;
 array DWORD faceVertexIndices[nFaceVertexIndices];
}

template Mesh {
 <3d82ab44-62da-11cf-ab39-0020af71e433>
 DWORD nVertices;
 array Vector vertices[nVertices];
 DWORD nFaces;
 array MeshFace faces[nFaces];
 [...]
}

template MeshNormals {
 <f6f23f43-7686-11cf-8f52-0040333594a3>
 DWORD nNormals;
 array Vector normals[nNormals];
 DWORD nFaceNormals;
 array MeshFace faceNormals[nFaceNormals];
}

template MeshMaterialList {
 <f6f23f42-7686-11cf-8f52-0040333594a3>
 DWORD nMaterials;
 DWORD nFaceIndexes;
 array DWORD faceIndexes[nFaceIndexes];
 [Material <3d82ab4d-62da-11cf-ab39-0020af71e433>]
}

template Coords2d {
 <f6f23f44-7686-11cf-8f52-0040333594a3>
 FLOAT u;
 FLOAT v;
}

template MeshTextureCoords {
 <f6f23f40-7686-11cf-8f52-0040333594a3>
 DWORD nTextureCoords;
 array Coords2d textureCoords[nTextureCoords];
}

template XSkinMeshHeader {
 <3cf169ce-ff7c-44ab-93c0-f78f62d172e2>
 WORD nMaxSkinWeightsPerVertex;
 WORD nMaxSkinWeightsPerFace;
 WORD nBones;
}

template SkinWeights {
 <6f0d123b-bad2-4167-a0d0-80224f25fabb>
 STRING transformNodeName;
 DWORD nWeights;
 array DWORD vertexIndices[nWeights];
 array FLOAT weights[nWeights];
 Matrix4x4 matrixOffset;
}

template AnimTicksPerSecond {
 <9e415a43-7ba6-4a73-8743-b73d47e88476>
 DWORD AnimTicksPerSecond;
}

template Animation {
 <3d82ab4f-62da-11cf-ab39-0020af71e433>
 [...]
}

template AnimationSet {
 <3d82ab50-62da-11cf-ab39-0020af71e433>
 [Animation <3d82ab4f-62da-11cf-ab39-0020af71e433>]
}

template FloatKeys {
 <10dd46a9-775b-11cf-8f52-0040333594a3>
 DWORD nValues;
 array FLOAT values[nValues];
}

template TimedFloatKeys {
 <f406b180-7b3b-11cf-8f52-0040333594a3>
 DWORD time;
 FloatKeys tfkeys;
}

template AnimationKey {
 <10dd46a8-775b-11cf-8f52-0040333594a3>
 DWORD keyType;
 DWORD nKeys;
 array TimedFloatKeys keys[nKeys];
}


Material hair02 {
 1.000000;1.000000;1.000000;0.200000;;
 32.642128;
 0.025000;0.025000;0.025000;;
 0.000000;0.000000;0.000000;;

 TextureFilename {
  "hair02.dds";
 }
}

Material mouth_0 {
 1.000000;1.000000;1.000000;0.200000;;
 32.642128;
 0.025000;0.025000;0.025000;;
 0.000000;0.000000;0.000000;;

 TextureFilename {
  "mouth_0.dds";
 }
}

Material bodymap04 {
 1.000000;1.000000;1.000000;0.200000;;
 32.642128;
 0.025000;0.025000;0.025000;;
 0.000000;0.000000;0.000000;;

 TextureFilename {
  "bodymap04.dds";
 }
}

Frame ARM_male_framework {
 

 FrameTransformMatrix {
  39.370080,0.000000,0.000000,0.000000,0.000000,39.370080,0.000005,0.000000,0.000000,-0.000005,39.370080,0.000000,0.000000,0.000000,0.000000,1.000000;;
 }

 Frame _0__-com {
  

  FrameTransformMatrix {
   0.991554,-0.129587,0.005358,0.000000,-0.013239,-0.060032,0.998109,0.000000,-0.129020,-0.989749,-0.061241,0.000000,0.000000,-0.000000,106.932525,1.000000;;
  }

  Frame _1___body {
   

   FrameTransformMatrix {
    0.000001,0.000000,1.000000,0.000000,0.997987,0.063420,-0.000001,0.000000,-0.063420,0.997987,-0.000000,0.000000,0.000000,0.000000,-3.651906,1.000000;;
   }

   Frame _3___bodytooll {
    

    FrameTransformMatrix {
     0.000003,-1.000000,-0.000000,0.000000,-0.776324,-0.000002,0.630334,0.000000,-0.630334,-0.000002,-0.776324,0.000000,-0.533586,15.718101,3.686897,1.000000;;
    }

    Frame _3___bodytooll_end {
     

     FrameTransformMatrix {
      1.000000,0.000000,0.000000,0.000000,0.000000,1.000000,0.000000,0.000000,-0.000000,0.000000,1.000000,0.000000,0.000002,0.000000,0.999977,1.000000;;
     }
    }
   }

   Frame _4___bodytoolr {
    

    FrameTransformMatrix {
     0.000004,-1.000000,-0.000000,0.000000,-0.785606,-0.000003,0.618727,0.000000,-0.618727,-0.000002,-0.785606,0.000000,-0.533647,-15.718080,3.686943,1.000000;;
    }

    Frame _4___bodytoolr_end {
     

     FrameTransformMatrix {
      1.000000,0.000000,0.000000,0.000000,0.000000,1.000000,0.000000,0.000000,-0.000000,0.000000,1.000000,0.000000,-0.000001,0.000000,0.999977,1.000000;;
     }
    }
   }

   Frame _5___chest {
    

    FrameTransformMatrix {
     0.926539,-0.079062,0.367796,0.000000,0.092587,0.995519,-0.019245,0.000000,-0.364626,0.051884,0.929707,0.000000,-0.020164,0.607635,9.526596,1.000000;;
    }

    Frame _8___backtool {
     

     FrameTransformMatrix {
      -0.064991,-0.939693,-0.335787,0.000000,-0.935855,-0.059393,0.347344,0.000000,-0.346340,0.336822,-0.875556,0.000000,-8.742062,-5.451838,27.626883,1.000000;;
     }

     Frame _8___backtool_end {
      

      FrameTransformMatrix {
       1.000000,0.000000,-0.000000,0.000000,-0.000000,1.000000,0.000000,0.000000,-0.000000,0.000000,1.000000,0.000000,-0.000004,0.000000,0.999954,1.000000;;
      }
     }
    }

    Frame _9__-neck {
     

     FrameTransformMatrix {
      0.992237,0.014997,-0.123449,0.000000,-0.036019,0.984808,-0.169872,0.000000,0.119026,0.173000,0.977703,0.000000,-0.003048,-0.000046,27.342186,1.000000;;
     }

     Frame _12___head {
      

      FrameTransformMatrix {
       0.924293,0.272729,-0.267021,0.000000,-0.230346,0.956408,0.179512,0.000000,0.304340,-0.104414,0.946824,0.000000,0.000000,0.000000,3.870056,1.000000;;
      }

      Frame _12___head_end {
       

       FrameTransformMatrix {
        1.000000,0.000000,0.000000,0.000000,0.000000,1.000000,0.000000,0.000000,-0.000000,-0.000000,1.000000,0.000000,-0.000004,0.000000,1.000015,1.000000;;
       }
      }
     }

     Frame _13__-claviclel {
      

      FrameTransformMatrix {
       -0.987798,0.114417,-0.105657,0.000000,-0.098382,0.067476,0.992858,0.000000,0.120729,0.991139,-0.055397,0.000000,0.036404,2.188971,0.384521,1.000000;;
      }

      Frame _17___arm1l {
       

       FrameTransformMatrix {
        0.877721,0.395752,-0.270160,0.000000,0.120404,0.363563,0.923756,0.000000,0.463799,-0.843328,0.271456,0.000000,0.000000,0.000000,10.800018,1.000000;;
       }

       Frame _19___arm2l {
        

        FrameTransformMatrix {
         0.975985,0.000000,0.217838,0.000000,0.000000,1.000000,-0.000000,0.000000,-0.217838,-0.000000,0.975985,0.000000,0.000000,-0.000004,24.923118,1.000000;;
        }

        Frame _21___arm2tooll {
         

         FrameTransformMatrix {
          -0.000100,-0.999919,-0.012732,0.000000,-0.008005,0.012733,-0.999887,0.000000,0.999968,0.000002,-0.008005,0.000000,-0.145648,4.385403,12.630623,1.000000;;
         }

         Frame _21___arm2tooll_end {
          

          FrameTransformMatrix {
           1.000000,-0.000000,-0.000000,0.000000,-0.000000,1.000000,-0.000000,0.000000,0.000000,-0.000000,1.000000,0.000000,0.000004,0.000000,1.000050,1.000000;;
          }
         }
        }

        Frame _22___handl {
         

         FrameTransformMatrix {
          0.385119,-0.913318,-0.132413,0.000000,0.922145,0.386511,0.016068,0.000000,0.036504,-0.128292,0.991064,0.000000,-0.000001,0.000000,21.485435,1.000000;;
         }

         Frame _24___handtooll {
          

          FrameTransformMatrix {
           -0.999919,0.000900,0.012732,0.000000,-0.012760,-0.095126,-0.995384,0.000000,0.000316,-0.995465,0.095130,0.000000,0.777107,-0.823254,7.655990,1.000000;;
          }

          Frame _24___handtooll_end {
           

           FrameTransformMatrix {
            1.000000,0.000000,0.000000,0.000000,0.000000,1.000000,-0.000000,0.000000,0.000000,-0.000000,1.000000,0.000000,-0.000001,0.000000,1.000010,1.000000;;
           }
          }
         }
        }
       }
      }
     }

     Frame _14__-clavicler {
      

      FrameTransformMatrix {
       -0.939875,-0.295723,-0.170821,0.000000,-0.014334,0.533906,-0.845422,0.000000,0.341213,-0.792143,-0.506044,0.000000,-0.030247,-2.188963,-0.384537,1.000000;;
      }

      Frame _18___arm1r {
       

       FrameTransformMatrix {
        0.970798,-0.057616,-0.232876,0.000000,-0.096847,0.793988,-0.600170,0.000000,0.219480,0.605197,0.765222,0.000000,-0.000002,0.000015,10.800030,1.000000;;
       }

       Frame _20___arm2r {
        

        FrameTransformMatrix {
         -0.233743,-0.000000,0.972298,0.000000,0.000000,1.000000,-0.000000,0.000000,-0.972298,-0.000000,-0.233743,0.000000,0.000001,0.000000,24.923126,1.000000;;
        }

        Frame _23___handr {
         

         FrameTransformMatrix {
          0.010005,0.991140,-0.132442,0.000000,-0.670593,-0.091599,-0.736149,0.000000,-0.741758,0.096180,0.663735,0.000000,0.000015,-0.000015,21.485462,1.000000;;
         }

         Frame _25___handtoolr {
          

          FrameTransformMatrix {
           0.746267,0.005310,-0.665626,0.000000,-0.665647,0.005993,-0.746243,0.000000,0.000026,0.999968,0.008007,0.000000,0.777115,0.823259,7.655960,1.000000;;
          }

          Frame _25___handtoolr_end {
           

           FrameTransformMatrix {
            1.000000,0.000000,0.000000,0.000000,0.000000,1.000000,0.000000,0.000000,-0.000000,0.000000,1.000000,0.000000,0.000000,0.000000,1.000010,1.000000;;
           }
          }
         }

         Frame _26___i0111 {
          

          FrameTransformMatrix {
           -0.793488,0.603535,0.078249,0.000000,0.070591,0.218980,-0.973173,0.000000,-0.604479,-0.766677,-0.216362,0.000000,8.015663,-2.848459,-43.843440,1.000000;;
          }

          Frame _26___i0111_end {
           

           FrameTransformMatrix {
            1.000000,-0.000000,0.000000,0.000000,0.000000,1.000000,-0.000000,0.000000,-0.000000,-0.000000,1.000000,0.000000,0.000000,0.000004,1.000013,1.000000;;
           }
          }
         }

         Frame _27___i0112 {
          

          FrameTransformMatrix {
           -0.486349,-0.801608,0.347690,0.000000,-0.629792,0.597427,0.496430,0.000000,-0.605662,0.022466,-0.795405,0.000000,-6.407814,-21.142875,-49.007702,1.000000;;
          }

          Frame _27___i0112_end {
           

           FrameTransformMatrix {
            1.000000,-0.000000,-0.000000,0.000000,0.000000,1.000000,0.000000,0.000000,0.000000,-0.000000,1.000000,0.000000,0.000000,0.000000,1.000021,1.000000;;
           }
          }
         }

         Frame _28___i0113 {
          

          FrameTransformMatrix {
           -0.180966,0.938406,0.294355,0.000000,0.554638,0.344540,-0.757410,0.000000,-0.812175,0.026195,-0.582825,0.000000,-17.407302,-20.735245,-63.450995,1.000000;;
          }

          Frame _28___i0113_end {
           

           FrameTransformMatrix {
            1.000000,0.000000,0.000000,0.000000,0.000000,1.000000,0.000000,0.000000,0.000000,0.000000,1.000000,0.000000,0.000002,0.000000,1.000023,1.000000;;
           }
          }
         }

         Frame _29___i0114 {
          

          FrameTransformMatrix {
           -0.244504,0.935845,0.253795,0.000000,-0.960104,-0.197024,-0.198448,0.000000,-0.135713,-0.292191,0.946682,0.000000,-20.129310,-21.568355,-62.195117,1.000000;;
          }

          Frame _29___i0114_end {
           

           FrameTransformMatrix {
            1.000000,0.000000,0.000000,0.000000,-0.000000,1.000000,-0.000000,0.000000,0.000000,0.000000,1.000000,0.000000,0.000000,0.000000,1.000019,1.000000;;
           }
          }
         }

         Frame _30___i0115 {
          

          FrameTransformMatrix {
           -0.185033,0.943093,0.276294,0.000000,-0.658933,0.089522,-0.746855,0.000000,-0.729088,-0.320252,0.604871,0.000000,-22.326226,-21.251400,-64.451104,1.000000;;
          }

          Frame _30___i0115_end {
           

           FrameTransformMatrix {
            1.000000,0.000000,0.000000,0.000000,0.000000,1.000000,-0.000000,0.000000,-0.000000,-0.000000,1.000000,0.000000,0.000002,0.000000,1.000000,1.000000;;
           }
          }
         }

         Frame _31___i0116 {
          

          FrameTransformMatrix {
           0.008105,0.943694,0.330721,0.000000,0.586734,0.263327,-0.765769,0.000000,-0.809739,0.200252,-0.551563,0.000000,-23.887101,-20.716458,-68.164218,1.000000;;
          }

          Frame _31___i0116_end {
           

           FrameTransformMatrix {
            1.000000,0.000000,0.000000,0.000000,0.000000,1.000000,0.000000,0.000000,-0.000000,0.000000,1.000000,0.000000,-0.000004,0.000008,1.000031,1.000000;;
           }
          }
         }

         Frame _32___i0117 {
          

          FrameTransformMatrix {
           -0.788055,-0.615570,-0.006529,0.000000,-0.137790,0.186716,-0.972703,0.000000,0.599986,-0.765644,-0.231962,0.000000,20.771637,-2.837095,-44.004960,1.000000;;
          }

          Frame _32___i0117_end {
           

           FrameTransformMatrix {
            1.000000,0.000000,0.000000,0.000000,0.000000,1.000000,-0.000000,0.000000,0.000000,-0.000000,1.000000,0.000000,0.000000,-0.000004,1.000046,1.000000;;
           }
          }
         }

         Frame _33___i0118 {
          

          FrameTransformMatrix {
           0.496504,-0.800702,0.335203,0.000000,-0.641095,-0.598600,-0.480286,0.000000,0.585218,0.023567,-0.810533,0.000000,35.093232,-21.104901,-49.534317,1.000000;;
          }

          Frame _33___i0118_end {
           

           FrameTransformMatrix {
            1.000000,0.000000,-0.000000,0.000000,0.000000,1.000000,-0.000000,0.000000,0.000000,-0.000000,1.000000,0.000000,-0.000001,-0.000002,1.000019,1.000000;;
           }
          }
         }

         Frame _34___i0119 {
          

          FrameTransformMatrix {
           0.186704,0.938713,0.289758,0.000000,0.574309,-0.343587,0.743046,0.000000,0.797063,0.027681,-0.603261,0.000000,45.721763,-20.676811,-64.252896,1.000000;;
          }

          Frame _34___i0119_end {
           

           FrameTransformMatrix {
            1.000000,0.000000,0.000000,0.000000,0.000000,1.000000,0.000000,0.000000,0.000000,-0.000000,1.000000,0.000000,0.000001,-0.000000,1.000023,1.000000;;
           }
          }
         }

         Frame _35___i0120 {
          

          FrameTransformMatrix {
           -0.001194,0.943578,0.331150,0.000000,0.606485,-0.262613,0.750474,0.000000,0.795095,0.201734,-0.571952,0.000000,52.079933,-20.646784,-69.128723,1.000000;;
          }

          Frame _35___i0120_end {
           

           FrameTransformMatrix {
            1.000000,0.000000,0.000000,0.000000,-0.000000,1.000000,0.000000,0.000000,0.000000,0.000000,1.000000,0.000000,0.000000,0.000001,1.000019,1.000000;;
           }
          }
         }

         Frame _36___i0121 {
          

          FrameTransformMatrix {
           0.189629,0.943352,0.272265,0.000000,-0.639775,-0.091631,0.763080,0.000000,0.744801,-0.318891,0.586157,0.000000,50.614758,-21.184717,-65.376768,1.000000;;
          }

          Frame _36___i0121_end {
           

           FrameTransformMatrix {
            1.000000,0.000000,-0.000000,0.000000,-0.000000,1.000000,0.000000,0.000000,0.000000,0.000000,1.000000,0.000000,-0.000000,0.000000,0.999994,1.000000;;
           }
          }
         }

         Frame _37___i0122 {
          

          FrameTransformMatrix {
           0.248423,0.936448,0.247693,0.000000,-0.955304,0.194552,0.222583,0.000000,0.160248,-0.291917,0.942924,0.000000,48.476720,-21.504763,-63.066899,1.000000;;
          }

          Frame _37___i0122_end {
           

           FrameTransformMatrix {
            1.000000,-0.000000,0.000000,0.000000,-0.000000,1.000000,0.000000,0.000000,0.000000,0.000000,1.000000,0.000000,-0.000000,0.000000,1.000019,1.000000;;
           }
          }
         }

         Frame _38___i0123 {
          

          FrameTransformMatrix {
           -0.163449,0.914554,0.369967,0.000000,0.383217,-0.286705,0.878035,0.000000,0.909082,0.285292,-0.303611,0.000000,70.862182,-15.881538,-82.638131,1.000000;;
          }

          Frame _38___i0123_end {
           

           FrameTransformMatrix {
            1.000000,0.000000,-0.000000,0.000000,0.000000,1.000000,-0.000000,0.000000,-0.000000,-0.000000,1.000000,0.000000,0.000000,-0.000001,0.999973,1.000000;;
           }
          }
         }

         Frame _39___i0124 {
          

          FrameTransformMatrix {
           0.171336,0.915046,0.365150,0.000000,0.360155,0.286805,-0.887711,0.000000,-0.917024,0.283607,-0.280418,0.000000,-43.014771,-15.986083,-81.191930,1.000000;;
          }

          Frame _39___i0124_end {
           

           FrameTransformMatrix {
            1.000000,-0.000000,0.000000,0.000000,0.000000,1.000000,0.000000,0.000000,0.000000,0.000000,1.000000,0.000000,0.000002,0.000000,0.999970,1.000000;;
           }
          }
         }

         Frame _40___i0125 {
          

          FrameTransformMatrix {
           -0.369478,0.860124,0.351672,0.000000,-0.927884,-0.361931,-0.089652,0.000000,0.050169,-0.359435,0.931821,0.000000,-26.487221,-25.157442,-62.101184,1.000000;;
          }

          Frame _40___i0125_end {
           

           FrameTransformMatrix {
            1.000000,0.000000,0.000000,0.000000,0.000000,1.000000,-0.000000,0.000000,0.000000,0.000000,1.000000,0.000000,0.000000,0.000000,0.999970,1.000000;;
           }
          }
         }

         Frame _41___i0126 {
          

          FrameTransformMatrix {
           -0.171330,0.929995,0.325201,0.000000,-0.754721,0.088280,-0.650079,0.000000,-0.633279,-0.356814,0.686762,0.000000,-29.059197,-24.574563,-63.947341,1.000000;;
          }

          Frame _41___i0126_end {
           

           FrameTransformMatrix {
            1.000000,-0.000000,0.000000,0.000000,0.000000,1.000000,-0.000000,0.000000,0.000000,0.000000,1.000000,0.000000,0.000002,-0.000008,1.000023,1.000000;;
           }
          }
         }

         Frame _42___i0127 {
          

          FrameTransformMatrix {
           -0.038756,0.841735,0.538498,0.000000,0.495696,0.484115,-0.721054,0.000000,-0.867631,0.238986,-0.436007,0.000000,-29.866112,-23.071669,-68.211373,1.000000;;
          }

          Frame _42___i0127_end {
           

           FrameTransformMatrix {
            1.000000,0.000000,0.000000,0.000000,-0.000000,1.000000,0.000000,0.000000,-0.000000,0.000000,1.000000,0.000000,0.000004,0.000000,1.000000,1.000000;;
           }
          }
         }

         Frame _43___i0128 {
          

          FrameTransformMatrix {
           0.589952,-0.687906,0.422780,0.000000,-0.624618,-0.720622,-0.300926,0.000000,0.511673,-0.086544,-0.854810,0.000000,40.728227,-21.570728,-47.604125,1.000000;;
          }

          Frame _43___i0128_end {
           

           FrameTransformMatrix {
            1.000000,0.000000,-0.000000,0.000000,-0.000000,1.000000,-0.000000,0.000000,0.000000,0.000000,1.000000,0.000000,0.000000,0.000000,0.999981,1.000000;;
           }
          }
         }

         Frame _44___i0129 {
          

          FrameTransformMatrix {
           0.297132,0.835215,0.462741,0.000000,0.508299,-0.548612,0.663820,0.000000,0.808298,0.037969,-0.587549,0.000000,50.273754,-23.184765,-63.551712,1.000000;;
          }

          Frame _44___i0129_end {
           

           FrameTransformMatrix {
            1.000000,0.000000,-0.000000,0.000000,0.000000,1.000000,0.000000,0.000000,0.000000,-0.000000,1.000000,0.000000,0.000001,0.000001,0.999970,1.000000;;
           }
          }
         }

         Frame _45___i0130 {
          

          FrameTransformMatrix {
           0.051099,0.841605,0.537672,0.000000,0.514721,-0.483556,0.707981,0.000000,0.855834,0.240574,-0.457900,0.000000,58.059942,-22.990658,-69.327552,1.000000;;
          }

          Frame _45___i0130_end {
           

           FrameTransformMatrix {
            1.000000,-0.000000,-0.000000,0.000000,0.000000,1.000000,-0.000000,0.000000,-0.000000,-0.000000,1.000000,0.000000,0.000002,0.000001,1.000000,1.000000;;
           }
          }
         }

         Frame _46___i0131 {
          

          FrameTransformMatrix {
           0.177035,0.930221,0.321478,0.000000,-0.737987,-0.090648,0.668699,0.000000,0.651179,-0.355629,0.670443,0.000000,57.364858,-24.494638,-65.045549,1.000000;;
          }

          Frame _46___i0131_end {
           

           FrameTransformMatrix {
            1.000000,0.000000,-0.000000,0.000000,0.000000,1.000000,0.000000,0.000000,-0.000000,0.000000,1.000000,0.000000,-0.000001,-0.000004,1.000029,1.000000;;
           }
          }
         }

         Frame _47___i0132 {
          

          FrameTransformMatrix {
           0.376172,0.861020,0.342257,0.000000,-0.926190,0.359724,0.113005,0.000000,-0.025819,-0.359504,0.932787,0.000000,54.841773,-25.082611,-63.134566,1.000000;;
          }

          Frame _47___i0132_end {
           

           FrameTransformMatrix {
            1.000000,0.000000,0.000000,0.000000,0.000000,1.000000,0.000000,0.000000,0.000000,0.000000,1.000000,0.000000,0.000001,0.000002,0.999968,1.000000;;
           }
          }
         }

         Frame _48___i0133 {
          

          FrameTransformMatrix {
           -0.577842,-0.688906,0.437615,0.000000,-0.618054,0.719549,0.316636,0.000000,-0.533018,-0.087504,-0.841567,0.000000,-11.991775,-21.618962,-46.933798,1.000000;;
          }

          Frame _48___i0133_end {
           

           FrameTransformMatrix {
            1.000000,0.000000,0.000000,0.000000,0.000000,1.000000,0.000000,0.000000,-0.000000,0.000000,1.000000,0.000000,0.000000,0.000000,1.000062,1.000000;;
           }
          }
         }

         Frame _49___i0134 {
          

          FrameTransformMatrix {
           -0.286826,0.834676,0.470156,0.000000,0.490264,0.549533,-0.676502,0.000000,-0.823026,0.036462,-0.566833,0.000000,-21.935288,-23.251371,-62.635155,1.000000;;
          }

          Frame _49___i0134_end {
           

           FrameTransformMatrix {
            1.000000,0.000000,0.000000,0.000000,-0.000000,1.000000,0.000000,0.000000,0.000000,0.000000,1.000000,0.000000,0.000004,0.000000,0.999970,1.000000;;
           }
          }
         }

         Frame _50___i0135 {
          

          FrameTransformMatrix {
           0.284532,0.770126,0.570918,0.000000,0.258161,0.511981,-0.819285,0.000000,-0.923252,0.380502,-0.053142,0.000000,-54.983808,-16.152394,-80.833331,1.000000;;
          }

          Frame _50___i0135_end {
           

           FrameTransformMatrix {
            1.000000,0.000000,-0.000000,0.000000,-0.000000,1.000000,0.000000,0.000000,-0.000000,0.000000,1.000000,0.000000,-0.000004,0.000000,0.999939,1.000000;;
           }
          }
         }

         Frame _51___i0136 {
          

          FrameTransformMatrix {
           -0.271002,0.768956,0.579020,0.000000,0.280180,-0.512471,0.811710,0.000000,0.920900,0.382205,-0.076565,0.000000,82.836173,-16.025258,-82.583846,1.000000;;
          }

          Frame _51___i0136_end {
           

           FrameTransformMatrix {
            1.000000,0.000000,0.000000,0.000000,-0.000000,1.000000,0.000000,0.000000,-0.000000,-0.000000,1.000000,0.000000,0.000000,0.000000,0.999941,1.000000;;
           }
          }
         }

         Frame _52___i0137 {
          

          FrameTransformMatrix {
           0.737798,-0.648808,-0.186287,0.000000,-0.195709,-0.469721,0.860849,0.000000,-0.646029,-0.598674,-0.473536,0.000000,8.164230,-2.942299,-32.161472,1.000000;;
          }

          Frame _52___i0137_end {
           

           FrameTransformMatrix {
            1.000000,0.000000,-0.000000,0.000000,0.000000,1.000000,0.000000,0.000000,-0.000000,0.000000,1.000000,0.000000,0.000000,0.000000,0.999977,1.000000;;
           }
          }
         }

         Frame _53___i0138 {
          

          FrameTransformMatrix {
           -0.742060,-0.648071,-0.171323,0.000000,-0.215063,0.472235,-0.854834,0.000000,0.634898,-0.597493,-0.489803,0.000000,20.920296,-2.929935,-32.322992,1.000000;;
          }

          Frame _53___i0138_end {
           

           FrameTransformMatrix {
            1.000000,0.000000,0.000000,0.000000,-0.000000,1.000000,0.000000,0.000000,0.000000,0.000000,1.000000,0.000000,0.000000,0.000000,0.999970,1.000000;;
           }
          }
         }

         Frame _54___i1001 {
          

          FrameTransformMatrix {
           0.991979,-0.000197,0.126406,0.000000,-0.000821,0.999968,0.008000,0.000000,-0.126404,-0.008040,0.991946,0.000000,-0.093292,1.378883,-4.213493,1.000000;;
          }

          Frame _54___i1001_end {
           

           FrameTransformMatrix {
            1.000000,-0.000000,-0.000000,0.000000,0.000000,1.000000,0.000000,0.000000,0.000000,-0.000000,1.000000,0.000000,0.000008,-0.000002,1.000008,1.000000;;
           }
          }
         }

         Frame _55___i1002 {
          

          FrameTransformMatrix {
           0.990763,0.001898,-0.135591,0.000000,-0.000821,0.999968,0.008000,0.000000,0.135602,-0.007815,0.990733,0.000000,30.097398,1.403305,-4.168716,1.000000;;
          }

          Frame _55___i1002_end {
           

           FrameTransformMatrix {
            1.000000,0.000000,0.000000,0.000000,0.000000,1.000000,-0.000000,0.000000,0.000000,0.000000,1.000000,0.000000,0.000000,0.000004,0.999992,1.000000;;
           }
          }
         }

         Frame _56___i1003 {
          

          FrameTransformMatrix {
           -0.000995,-0.988669,-0.150107,0.000000,0.999919,0.000922,-0.012699,0.000000,0.012694,-0.150107,0.988588,0.000000,14.863320,-10.638370,-7.558410,1.000000;;
          }

          Frame _56___i1003_end {
           

           FrameTransformMatrix {
            1.000000,-0.000000,0.000000,0.000000,-0.000000,1.000000,-0.000000,0.000000,0.000000,-0.000000,1.000000,0.000000,0.000002,0.000000,0.999962,1.000000;;
           }
          }
         }

         Frame _57___i1004 {
          

          FrameTransformMatrix {
           -0.000877,-0.990022,-0.140913,0.000000,0.999919,0.000922,-0.012700,0.000000,0.012703,-0.140913,0.989941,0.000000,15.539070,-18.029389,45.109581,1.000000;;
          }

          Frame _57___i1004_end {
           

           FrameTransformMatrix {
            1.000000,-0.000000,0.000000,0.000000,-0.000000,1.000000,0.000000,0.000000,0.000000,-0.000000,1.000000,0.000000,0.000000,0.000000,0.999985,1.000000;;
           }
          }
         }

         Frame _58___i1005 {
          

          FrameTransformMatrix {
           0.996221,0.000123,0.086857,0.000000,-0.000821,0.999968,0.008000,0.000000,-0.086853,-0.008041,0.996189,0.000000,-5.453446,0.974838,45.740317,1.000000;;
          }

          Frame _58___i1005_end {
           

           FrameTransformMatrix {
            1.000000,-0.000000,-0.000000,0.000000,-0.000000,1.000000,0.000000,0.000000,-0.000000,-0.000000,1.000000,0.000000,0.000008,-0.000004,0.999954,1.000000;;
           }
          }
         }

         Frame _59___i1006 {
          

          FrameTransformMatrix {
           0.992735,0.001777,-0.120311,0.000000,-0.000821,0.999968,0.008000,0.000000,0.120322,-0.007843,0.992704,0.000000,36.514134,1.008406,45.850915,1.000000;;
          }

          Frame _59___i1006_end {
           

           FrameTransformMatrix {
            1.000000,0.000000,0.000000,0.000000,-0.000000,1.000000,0.000000,0.000000,-0.000000,0.000000,1.000000,0.000000,0.000008,-0.000002,1.000031,1.000000;;
           }
          }
         }

         Frame _60___i1007 {
          

          FrameTransformMatrix {
           -0.000696,-0.991924,-0.126831,0.000000,0.999919,0.000922,-0.012700,0.000000,0.012714,-0.126829,0.991843,0.000000,15.215058,-14.796939,19.832459,1.000000;;
          }

          Frame _60___i1007_end {
           

           FrameTransformMatrix {
            1.000000,-0.000000,0.000000,0.000000,0.000000,1.000000,-0.000000,0.000000,0.000000,-0.000000,1.000000,0.000000,-0.000002,-0.000008,0.999985,1.000000;;
           }
          }
         }

         Frame _61___i1008 {
          

          FrameTransformMatrix {
           0.996152,0.000116,0.087648,0.000000,-0.000821,0.999968,0.008000,0.000000,-0.087644,-0.008041,0.996119,0.000000,-3.208366,1.180735,20.234368,1.000000;;
          }

          Frame _61___i1008_end {
           

           FrameTransformMatrix {
            1.000000,-0.000000,0.000000,0.000000,0.000000,1.000000,0.000000,0.000000,0.000000,-0.000000,1.000000,0.000000,0.000000,-0.000002,1.000046,1.000000;;
           }
          }
         }

         Frame _62___i1009 {
          

          FrameTransformMatrix {
           0.992843,0.001770,-0.119410,0.000000,-0.000821,0.999968,0.008000,0.000000,0.119421,-0.007845,0.992813,0.000000,33.401875,1.212793,19.983467,1.000000;;
          }

          Frame _62___i1009_end {
           

           FrameTransformMatrix {
            1.000000,0.000000,-0.000000,0.000000,0.000000,1.000000,0.000000,0.000000,-0.000000,0.000000,1.000000,0.000000,0.000008,-0.000006,1.000015,1.000000;;
           }
          }
         }

         Frame _63___i1010 {
          

          FrameTransformMatrix {
           -0.000740,-0.991484,-0.130226,0.000000,0.999919,0.000922,-0.012700,0.000000,0.012712,-0.130225,0.991403,0.000000,14.518517,-11.525082,-34.771187,1.000000;;
          }

          Frame _63___i1010_end {
           

           FrameTransformMatrix {
            1.000000,0.000000,0.000000,0.000000,0.000000,1.000000,-0.000000,0.000000,0.000000,-0.000000,1.000000,0.000000,0.000002,0.000000,0.999996,1.000000;;
           }
          }
         }

         Frame _64___i1011 {
          

          FrameTransformMatrix {
           -0.000615,-0.992708,-0.120542,0.000000,0.999919,0.000922,-0.012700,0.000000,0.012719,-0.120540,0.992627,0.000000,14.910698,-15.541573,-4.184914,1.000000;;
          }

          Frame _64___i1011_end {
           

           FrameTransformMatrix {
            1.000000,0.000000,0.000000,0.000000,0.000000,1.000000,0.000000,0.000000,-0.000000,0.000000,1.000000,0.000000,0.000000,0.000000,0.999962,1.000000;;
           }
          }
         }

         Frame _65___i1012 {
          

          FrameTransformMatrix {
           -0.000761,-0.991260,-0.131922,0.000000,0.999919,0.000923,-0.012701,0.000000,0.012711,-0.131921,0.991179,0.000000,15.336701,-19.579445,29.063546,1.000000;;
          }

          Frame _65___i1012_end {
           

           FrameTransformMatrix {
            1.000000,0.000000,0.000000,0.000000,-0.000000,1.000000,-0.000000,0.000000,0.000000,-0.000000,1.000000,0.000000,-0.000004,-0.000008,1.000031,1.000000;;
           }
          }
         }

         Frame _66___i1013 {
          

          FrameTransformMatrix {
           0.999726,0.001007,-0.023399,0.000000,-0.000820,0.999968,0.007999,0.000000,0.023406,-0.007978,0.999694,0.000000,14.691216,12.790470,-6.636467,1.000000;;
          }

          Frame _66___i1013_end {
           

           FrameTransformMatrix {
            1.000000,0.000000,-0.000000,0.000000,0.000000,1.000000,0.000000,0.000000,0.000000,0.000000,1.000000,0.000000,-0.000008,0.000000,0.999954,1.000000;;
           }
          }
         }

         Frame _67___i1014 {
          

          FrameTransformMatrix {
           0.999726,0.001007,-0.023399,0.000000,-0.000820,0.999968,0.007999,0.000000,0.023406,-0.007978,0.999694,0.000000,15.210968,12.595085,17.839722,1.000000;;
          }

          Frame _67___i1014_end {
           

           FrameTransformMatrix {
            1.000000,-0.000000,0.000000,0.000000,0.000000,1.000000,0.000000,0.000000,0.000000,0.000000,1.000000,0.000000,0.000000,-0.000004,0.999954,1.000000;;
           }
          }
         }
        }
       }
      }
     }
    }
   }

   Frame _6___leg1l {
    

    FrameTransformMatrix {
     0.896177,0.438473,-0.067881,0.000000,0.442777,-0.893632,0.073268,0.000000,-0.028535,-0.095718,-0.994998,0.000000,0.000012,6.246399,-0.000008,1.000000;;
    }

    Frame _10___leg2l {
     

     FrameTransformMatrix {
      0.999177,0.000000,0.040567,0.000000,0.000000,1.000000,0.000000,0.000000,-0.040567,0.000000,0.999177,0.000000,0.000000,0.000000,48.600090,1.000000;;
     }

     Frame _15__-footl {
      

      FrameTransformMatrix {
       0.989324,0.062285,-0.131752,0.000000,-0.063835,0.997932,-0.007568,0.000000,0.131009,0.015897,0.991254,0.000000,0.000000,-0.000001,48.600083,1.000000;;
      }

      Frame _15__-footl_end {
       

       FrameTransformMatrix {
        1.000000,0.000000,0.000000,0.000000,0.000000,1.000000,0.000000,0.000000,0.000000,0.000000,1.000000,0.000000,0.000000,0.000000,1.000000,1.000000;;
       }
      }
     }
    }
   }

   Frame _7___leg1r {
    

    FrameTransformMatrix {
     0.880861,-0.430209,0.197495,0.000000,-0.463664,-0.868186,0.176824,0.000000,0.095391,-0.247328,-0.964223,0.000000,-0.000006,-6.246394,0.000000,1.000000;;
    }

    Frame _11___leg2r {
     

     FrameTransformMatrix {
      0.999386,0.000000,0.035037,0.000000,0.000000,1.000000,0.000000,0.000000,-0.035037,0.000000,0.999386,0.000000,0.000000,0.000002,48.600102,1.000000;;
     }

     Frame _16__-footr {
      

      FrameTransformMatrix {
       0.983831,0.148823,0.099636,0.000000,-0.161214,0.978224,0.130720,0.000000,-0.078012,-0.144669,0.986400,0.000000,-0.000001,0.000008,48.600102,1.000000;;
      }

      Frame _16__-footr_end {
       

       FrameTransformMatrix {
        1.000000,0.000000,0.000000,0.000000,-0.000000,1.000000,-0.000000,0.000000,0.000000,0.000000,1.000000,0.000000,0.000000,0.000002,1.000000,1.000000;;
       }
      }
     }
    }
   }
  }

  Frame _2__-footsteps {
   

   FrameTransformMatrix {
    -0.129586,-0.060032,-0.989749,0.000000,0.005358,0.998108,-0.061241,0.000000,0.991553,-0.013239,-0.129019,0.000000,-0.572797,-106.705920,6.547114,1.000000;;
   }

   Frame _2__-footsteps_end {
    

    FrameTransformMatrix {
     1.000000,0.000000,0.000000,0.000000,0.000000,1.000000,-0.000000,0.000000,0.000000,0.000000,1.000000,0.000000,0.000000,0.000000,1.000000,1.000000;;
    }
   }
  }
 }
}

Frame male_hair50_t50_head_8_h6__subgroup4 {
 

 FrameTransformMatrix {
  39.370080,-0.000002,-0.000000,0.000000,0.000002,39.370083,0.000006,0.000000,0.000000,-0.000006,39.370080,0.000000,-0.000013,-220.031514,6546.0428,1.000000;;
 }

 Mesh male_hair50_t50_head_8_h6__subgroup4 {
  609;
  -7.811399;-3.473700;-8.287902;,
  -10.106199;-5.535000;-3.713501;,
  -9.711399;-2.603100;-6.108302;,
  0.482800;-0.402200;9.771293;,
  -2.260000;-0.383200;10.455794;,
  0.764300;-4.718000;8.230697;,
  -5.107900;-3.521600;8.401999;,
  0.764300;-4.718000;8.230697;,
  -2.260000;-0.383200;10.455794;,
  -10.128699;-5.734200;4.155799;,
  -5.107900;-3.521600;8.401999;,
  -9.681199;0.556700;7.661598;,
  -2.108700;-9.091199;3.561600;,
  0.764300;-4.718000;8.230697;,
  -5.107900;-3.521600;8.401999;,
  5.541299;0.896900;10.379599;,
  2.619400;5.277599;11.114898;,
  3.369300;-0.387600;10.300193;,
  6.429599;-3.469600;8.293898;,
  7.465400;-7.212999;3.848495;,
  10.012298;-5.535199;4.147499;,
  -10.106199;-5.535000;-3.713501;,
  -10.831799;-2.726400;4.067298;,
  -10.488299;-2.007200;-3.691200;,
  0.482800;-0.402200;9.771293;,
  0.005000;5.794900;10.419593;,
  -2.609300;5.277599;11.114898;,
  -2.609300;5.277599;11.114898;,
  -2.260000;-0.383200;10.455794;,
  0.482800;-0.402200;9.771293;,
  -4.946900;-7.945200;3.947098;,
  -5.107900;-3.521600;8.401999;,
  -6.641500;-7.295899;3.407600;,
  -0.429100;-9.479298;-4.093200;,
  1.338700;-8.335000;-4.363502;,
  1.299600;-8.096299;3.712997;,
  -2.108700;-9.091199;3.561600;,
  1.299600;-8.096299;3.712997;,
  0.764300;-4.718000;8.230697;,
  9.210699;-6.359799;-3.698806;,
  10.012298;-5.535199;4.147499;,
  7.465400;-7.212999;3.848495;,
  -0.429100;-9.479298;-4.093200;,
  1.299600;-8.096299;3.712997;,
  -2.108700;-9.091199;3.561600;,
  1.994400;-5.924199;-9.131702;,
  1.338700;-8.335000;-4.363502;,
  -0.429100;-9.479298;-4.093200;,
  7.465400;-7.212999;3.848495;,
  5.170700;-8.070998;-2.596206;,
  9.210699;-6.359799;-3.698806;,
  9.233999;-1.106800;-9.794802;,
  9.210699;-6.359799;-3.698806;,
  8.161599;-4.146800;-7.024402;,
  3.403600;-8.096700;3.793296;,
  5.170700;-8.070998;-2.596206;,
  7.465400;-7.212999;3.848495;,
  7.465400;-7.212999;3.848495;,
  6.429599;-3.469600;8.293898;,
  3.403600;-8.096700;3.793296;,
  2.619400;5.277599;11.114898;,
  0.005000;5.794900;10.419593;,
  0.482800;-0.402200;9.771293;,
  0.482800;-0.402200;9.771293;,
  3.369300;-0.387600;10.300193;,
  2.619400;5.277599;11.114898;,
  3.403600;-8.096700;3.793296;,
  6.429599;-3.469600;8.293898;,
  0.764300;-4.718000;8.230697;,
  9.686199;0.556700;7.661598;,
  10.012298;-5.535199;4.147499;,
  10.842099;-2.728100;4.027794;,
  10.725798;-1.614800;-4.170104;,
  10.842099;-2.728100;4.027794;,
  10.012298;-5.535199;4.147499;,
  10.725798;-1.614800;-4.170104;,
  10.012298;-5.535199;4.147499;,
  9.210699;-6.359799;-3.698806;,
  9.210699;-6.359799;-3.698806;,
  5.170700;-8.070998;-2.596206;,
  8.161599;-4.146800;-7.024402;,
  9.233999;-1.106800;-9.794802;,
  10.725798;-1.614800;-4.170104;,
  9.210699;-6.359799;-3.698806;,
  -10.106199;-5.535000;-3.713501;,
  -10.488299;-2.007200;-3.691200;,
  -9.711399;-2.603100;-6.108302;,
  -7.258799;-6.668300;-4.031104;,
  -10.106199;-5.535000;-3.713501;,
  -7.811399;-3.473700;-8.287902;,
  -10.128699;-5.734200;4.155799;,
  -7.258799;-6.668300;-4.031104;,
  -6.641500;-7.295899;3.407600;,
  -10.128699;-5.734200;4.155799;,
  -10.831799;-2.726400;4.067298;,
  -10.106199;-5.535000;-3.713501;,
  -7.258799;-6.668300;-4.031104;,
  -10.128699;-5.734200;4.155799;,
  -10.106199;-5.535000;-3.713501;,
  -6.641500;-7.295899;3.407600;,
  -5.107900;-3.521600;8.401999;,
  -10.128699;-5.734200;4.155799;,
  10.012298;-5.535199;4.147499;,
  9.686199;0.556700;7.661598;,
  6.429599;-3.469600;8.293898;,
  5.541299;0.896900;10.379599;,
  9.686199;0.556700;7.661598;,
  6.257300;5.155900;10.445998;,
  9.686199;0.556700;7.661598;,
  10.536499;5.072899;6.890396;,
  6.257300;5.155900;10.445998;,
  10.853399;5.720500;-7.821205;,
  11.269099;4.428300;-2.727501;,
  11.252498;4.772600;4.356399;,
  5.541299;0.896900;10.379599;,
  6.429599;-3.469600;8.293898;,
  9.686199;0.556700;7.661598;,
  6.257300;5.155900;10.445998;,
  2.619400;5.277599;11.114898;,
  5.541299;0.896900;10.379599;,
  0.764300;-4.718000;8.230697;,
  6.429599;-3.469600;8.293898;,
  3.369300;-0.387600;10.300193;,
  3.369300;-0.387600;10.300193;,
  0.482800;-0.402200;9.771293;,
  0.764300;-4.718000;8.230697;,
  -9.681199;0.556700;7.661598;,
  -10.831799;-2.726400;4.067298;,
  -10.128699;-5.734200;4.155799;,
  -9.681199;0.556700;7.661598;,
  -5.107900;-3.521600;8.401999;,
  -5.531200;0.897500;9.921394;,
  -10.531398;5.072899;6.890396;,
  -9.681199;0.556700;7.661598;,
  -6.247200;5.165500;9.986694;,
  -5.531200;0.897500;9.921394;,
  -2.609300;5.277599;11.114898;,
  -6.247200;5.165500;9.986694;,
  -6.247200;5.165500;9.986694;,
  -9.681199;0.556700;7.661598;,
  -5.531200;0.897500;9.921394;,
  -2.609300;5.277599;11.114898;,
  -5.531200;0.897500;9.921394;,
  -2.260000;-0.383200;10.455794;,
  9.042399;6.082900;-11.636504;,
  11.731799;7.996600;-2.916404;,
  11.269099;4.428300;-2.727501;,
  11.731799;7.996600;-2.916404;,
  9.042399;6.082900;-11.636504;,
  8.567299;11.814898;-10.589301;,
  10.156199;11.977698;6.659599;,
  10.536499;5.072899;6.890396;,
  11.730599;8.585799;4.138198;,
  0.005100;19.712198;6.738799;,
  0.005100;14.168299;10.563194;,
  2.492200;13.987699;11.056395;,
  5.436400;15.696398;-10.355002;,
  7.784999;16.343298;-3.749702;,
  8.567299;11.814898;-10.589301;,
  10.479099;10.577599;-3.173500;,
  8.567299;11.814898;-10.589301;,
