xof 0303txt 0032
template ColorRGBA {
 <35ff44e0-6c7c-11cf-8f52-0040333594a3>
 FLOAT red;
 FLOAT green;
 FLOAT blue;
 FLOAT alpha;
}

template ColorRGB {
 <d3e16e81-7835-11cf-8f52-0040333594a3>
 FLOAT red;
 FLOAT green;
 FLOAT blue;
}

template Material {
 <3d82ab4d-62da-11cf-ab39-0020af71e433>
 ColorRGBA faceColor;
 FLOAT power;
 ColorRGB specularColor;
 ColorRGB emissiveColor;
 [...]
}

template TextureFilename {
 <a42790e1-7810-11cf-8f52-0040333594a3>
 STRING filename;
}

template Frame {
 <3d82ab46-62da-11cf-ab39-0020af71e433>
 [...]
}

template Matrix4x4 {
 <f6f23f45-7686-11cf-8f52-0040333594a3>
 array FLOAT matrix[16];
}

template FrameTransformMatrix {
 <f6f23f41-7686-11cf-8f52-0040333594a3>
 Matrix4x4 frameMatrix;
}

template Vector {
 <3d82ab5e-62da-11cf-ab39-0020af71e433>
 FLOAT x;
 FLOAT y;
 FLOAT z;
}

template MeshFace {
 <3d82ab5f-62da-11cf-ab39-0020af71e433>
 DWORD nFaceVertexIndices;
 array DWORD faceVertexIndices[nFaceVertexIndices];
}

template Mesh {
 <3d82ab44-62da-11cf-ab39-0020af71e433>
 DWORD nVertices;
 array Vector vertices[nVertices];
 DWORD nFaces;
 array MeshFace faces[nFaces];
 [...]
}

template MeshNormals {
 <f6f23f43-7686-11cf-8f52-0040333594a3>
 DWORD nNormals;
 array Vector normals[nNormals];
 DWORD nFaceNormals;
 array MeshFace faceNormals[nFaceNormals];
}

template MeshMaterialList {
 <f6f23f42-7686-11cf-8f52-0040333594a3>
 DWORD nMaterials;
 DWORD nFaceIndexes;
 array DWORD faceIndexes[nFaceIndexes];
 [Material <3d82ab4d-62da-11cf-ab39-0020af71e433>]
}

template Coords2d {
 <f6f23f44-7686-11cf-8f52-0040333594a3>
 FLOAT u;
 FLOAT v;
}

template MeshTextureCoords {
 <f6f23f40-7686-11cf-8f52-0040333594a3>
 DWORD nTextureCoords;
 array Coords2d textureCoords[nTextureCoords];
}

template XSkinMeshHeader {
 <3cf169ce-ff7c-44ab-93c0-f78f62d172e2>
 WORD nMaxSkinWeightsPerVertex;
 WORD nMaxSkinWeightsPerFace;
 WORD nBones;
}

template SkinWeights {
 <6f0d123b-bad2-4167-a0d0-80224f25fabb>
 STRING transformNodeName;
 DWORD nWeights;
 array DWORD vertexIndices[nWeights];
 array FLOAT weights[nWeights];
 Matrix4x4 matrixOffset;
}

template AnimTicksPerSecond {
 <9e415a43-7ba6-4a73-8743-b73d47e88476>
 DWORD AnimTicksPerSecond;
}

template Animation {
 <3d82ab4f-62da-11cf-ab39-0020af71e433>
 [...]
}

template AnimationSet {
 <3d82ab50-62da-11cf-ab39-0020af71e433>
 [Animation <3d82ab4f-62da-11cf-ab39-0020af71e433>]
}

template FloatKeys {
 <10dd46a9-775b-11cf-8f52-0040333594a3>
 DWORD nValues;
 array FLOAT values[nValues];
}

template TimedFloatKeys {
 <f406b180-7b3b-11cf-8f52-0040333594a3>
 DWORD time;
 FloatKeys tfkeys;
}

template AnimationKey {
 <10dd46a8-775b-11cf-8f52-0040333594a3>
 DWORD keyType;
 DWORD nKeys;
 array TimedFloatKeys keys[nKeys];
}


Material weapon_twohandsword_l {
 0.640000;0.640000;0.640000;0.200000;;
 32.642128;
 0.025000;0.025000;0.025000;;
 0.000000;0.000000;0.000000;;

 TextureFilename {
  "weapon_twohandsword_l.dds";
 }
}

Material weapon_claymore01_m {
 0.640000;0.640000;0.640000;0.200000;;
 32.642128;
 0.025000;0.025000;0.025000;;
 0.000000;0.000000;0.000000;;

 TextureFilename {
  "weapon_claymore01_m.dds";
 }
}

Frame ARM_male_framework {
 

 FrameTransformMatrix {
  39.370080,0.000000,0.000000,0.000000,0.000000,39.370080,0.000006,0.000000,0.000000,-0.000006,39.370080,0.000000,0.000000,0.000000,0.000000,1.000000;;
 }

 Frame _0__-com {
  

  FrameTransformMatrix {
   1.000000,0.000000,0.000000,0.000000,0.000000,-0.000000,1.000000,0.000000,0.000000,-1.000000,-0.000000,0.000000,-0.026700,-6.911400,108.412096,1.000000;;
  }

  Frame _1___body {
   

   FrameTransformMatrix {
    -0.000000,-0.000000,1.000000,0.000000,1.000000,-0.000000,0.000000,0.000000,0.000000,1.000000,0.000000,0.000000,0.000000,0.000000,-3.651500,1.000000;;
   }

   Frame _3___bodytooll {
    

    FrameTransformMatrix {
     0.000000,-1.000001,0.000000,0.000000,-0.766020,-0.000000,0.642817,0.000000,-0.642817,-0.000000,-0.766020,0.000000,-0.533601,15.718099,3.687004,1.000000;;
    }

    Frame _3___bodytooll_end {
     

     FrameTransformMatrix {
      1.000000,-0.000000,0.000000,0.000000,0.000000,1.000000,0.000000,0.000000,-0.000000,0.000000,1.000000,0.000000,0.000000,0.000008,0.999954,1.000000;;
     }
    }
   }

   Frame _4___bodytoolr {
    

    FrameTransformMatrix {
     0.000000,-1.000001,0.000000,0.000000,-0.766020,-0.000000,0.642817,0.000000,-0.642817,-0.000000,-0.766020,0.000000,-0.533600,-15.718102,3.687004,1.000000;;
    }

    Frame _4___bodytoolr_end {
     

     FrameTransformMatrix {
      1.000000,-0.000000,0.000000,0.000000,0.000000,1.000000,0.000000,0.000000,-0.000000,0.000000,1.000000,0.000000,0.000000,0.000000,0.999970,1.000000;;
     }
    }
   }

   Frame _5___chest {
    

    FrameTransformMatrix {
     0.981785,-0.000000,0.189998,0.000000,0.000000,1.000000,0.000000,0.000000,-0.189998,-0.000000,0.981785,0.000000,-0.021400,-0.000000,9.549805,1.000000;;
    }

    Frame _8___backtool {
     

     FrameTransformMatrix {
      -0.064975,-0.939699,-0.335776,0.000000,-0.935881,-0.059379,0.347277,0.000000,-0.346273,0.336811,-0.875588,0.000000,-8.742866,-5.451700,27.626573,1.000000;;
     }

     Frame _8___backtool_end {
      

      FrameTransformMatrix {
       1.000000,0.000000,0.000000,0.000000,0.000000,1.000000,-0.000000,0.000000,-0.000000,0.000000,1.000000,0.000000,0.000000,0.000000,1.000000,1.000000;;
      }
     }
    }

    Frame _9__-neck {
     

     FrameTransformMatrix {
      0.987693,0.000000,-0.156408,0.000000,-0.000000,1.000000,-0.000000,0.000000,0.156408,0.000000,0.987693,0.000000,-0.003895,0.000000,27.342317,1.000000;;
     }

     Frame _12___head {
      

      FrameTransformMatrix {
       0.999418,0.000000,-0.034100,0.000000,-0.000000,1.000000,-0.000000,0.000000,0.034100,0.000000,0.999418,0.000000,0.000070,0.000000,3.870026,1.000000;;
      }

      Frame _12___head_end {
       

       FrameTransformMatrix {
        1.000000,-0.000000,-0.000000,0.000000,-0.000000,1.000000,-0.000000,0.000000,0.000000,0.000000,1.000000,0.000000,0.000000,0.000000,1.000000,1.000000;;
       }
      }
     }

     Frame _13__-claviclel {
      

      FrameTransformMatrix {
       -0.987565,-0.000003,-0.157211,0.000000,-0.154079,0.198650,0.967883,0.000000,0.031227,0.980071,-0.196180,0.000000,0.003101,2.961900,-0.000031,1.000000;;
      }

      Frame _17___arm1l {
       

       FrameTransformMatrix {
        0.981630,0.186939,-0.038154,0.000000,-0.002170,0.210901,0.977505,0.000000,0.190780,-0.959466,0.207432,0.000000,-0.000031,-0.000259,11.600030,1.000000;;
       }

       Frame _19___arm2l {
        

        FrameTransformMatrix {
         0.999968,0.000231,0.008000,0.000000,-0.000231,1.000000,-0.000000,0.000000,-0.008000,-0.000002,0.999968,0.000000,0.000000,0.000883,24.923134,1.000000;;
        }

        Frame _21___arm2tooll {
         

         FrameTransformMatrix {
          0.164175,-0.983379,-0.077542,0.000000,-0.135473,0.055386,-0.989232,0.000000,0.977084,0.172912,-0.124128,0.000000,-0.145994,4.385761,12.630592,1.000000;;
         }

         Frame _21___arm2tooll_end {
          

          FrameTransformMatrix {
           1.000000,0.000000,0.000000,0.000000,0.000000,1.000000,-0.000000,0.000000,-0.000000,0.000000,1.000000,0.000000,0.000001,0.000008,1.000050,1.000000;;
          }
         }
        }

        Frame _22___handl {
         

         FrameTransformMatrix {
          0.000851,-1.000000,0.000000,0.000000,1.000000,0.000851,-0.000000,0.000000,0.000000,0.000000,1.000000,0.000000,-0.000318,0.000738,21.485512,1.000000;;
         }

         Frame _24___handtooll {
          

          FrameTransformMatrix {
           -0.999919,0.000922,0.012700,0.000000,-0.012730,-0.095151,-0.995382,0.000000,0.000290,-0.995463,0.095155,0.000000,0.776835,-0.823418,7.655983,1.000000;;
          }

          Frame _24___handtooll_end {
           

           FrameTransformMatrix {
            1.000000,0.000000,-0.000000,0.000000,-0.000000,1.000000,0.000000,0.000000,0.000000,-0.000000,1.000000,0.000000,0.000000,0.000000,1.000010,1.000000;;
           }
          }
         }
        }
       }
      }
     }

     Frame _14__-clavicler {
      

      FrameTransformMatrix {
       -0.987565,0.000003,-0.157211,0.000000,0.154078,0.198650,-0.967883,0.000000,0.031227,-0.980070,-0.196180,0.000000,0.003102,-2.961900,-0.000031,1.000000;;
      }

      Frame _18___arm1r {
       

       FrameTransformMatrix {
        0.981630,-0.186939,-0.038154,0.000000,0.002169,0.210899,-0.977506,0.000000,0.190780,0.959466,0.207431,0.000000,-0.000141,0.000168,11.600022,1.000000;;
       }

       Frame _20___arm2r {
        

        FrameTransformMatrix {
         0.999968,-0.000231,0.008000,0.000000,0.000231,1.000000,0.000002,0.000000,-0.008000,0.000000,0.999968,0.000000,-0.000001,-0.000818,24.923165,1.000000;;
        }

        Frame _23___handr {
         

         FrameTransformMatrix {
          0.000851,1.000000,-0.000000,0.000000,-1.000000,0.000851,0.000000,0.000000,0.000000,0.000000,1.000000,0.000000,-0.000318,-0.000740,21.485520,1.000000;;
         }

         Frame _25___handtoolr {
          

          FrameTransformMatrix {
           0.999919,0.000922,-0.012700,0.000000,-0.012730,0.095151,-0.995381,0.000000,0.000290,0.995462,0.095155,0.000000,0.776831,0.823317,7.655983,1.000000;;
          }

          Frame _25___handtoolr_end {
           

           FrameTransformMatrix {
            1.000000,-0.000000,0.000000,0.000000,-0.000000,1.000000,0.000000,0.000000,0.000000,0.000000,1.000000,0.000000,0.000000,0.000000,1.000010,1.000000;;
           }
          }
         }

         Frame _26___i0111 {
          

          FrameTransformMatrix {
           -0.793488,0.603535,0.078249,0.000000,0.070590,0.218980,-0.973172,0.000000,-0.604479,-0.766677,-0.216362,0.000000,8.015668,-2.848468,-43.843408,1.000000;;
          }

          Frame _26___i0111_end {
           

           FrameTransformMatrix {
            1.000000,-0.000000,-0.000000,0.000000,0.000000,1.000000,-0.000000,0.000000,-0.000000,0.000000,1.000000,0.000000,-0.000001,0.000000,1.000019,1.000000;;
           }
          }
         }

         Frame _27___i0112 {
          

          FrameTransformMatrix {
           -0.486350,-0.801608,0.347690,0.000000,-0.629792,0.597427,0.496430,0.000000,-0.605662,0.022466,-0.795405,0.000000,-6.407808,-21.142882,-49.007683,1.000000;;
          }

          Frame _27___i0112_end {
           

           FrameTransformMatrix {
            1.000000,0.000000,-0.000000,0.000000,-0.000000,1.000000,-0.000000,0.000000,0.000000,-0.000000,1.000000,0.000000,-0.000006,0.000008,1.000031,1.000000;;
           }
          }
         }

         Frame _28___i0113 {
          

          FrameTransformMatrix {
           -0.180966,0.938406,0.294355,0.000000,0.554638,0.344540,-0.757410,0.000000,-0.812175,0.026195,-0.582826,0.000000,-17.407310,-20.735248,-63.450982,1.000000;;
          }

          Frame _28___i0113_end {
           

           FrameTransformMatrix {
            1.000000,0.000000,-0.000000,0.000000,0.000000,1.000000,0.000000,0.000000,0.000000,0.000000,1.000000,0.000000,0.000000,-0.000008,1.000008,1.000000;;
           }
          }
         }

         Frame _29___i0114 {
          

          FrameTransformMatrix {
           -0.244504,0.935845,0.253795,0.000000,-0.960104,-0.197024,-0.198448,0.000000,-0.135713,-0.292191,0.946682,0.000000,-20.129302,-21.568362,-62.195104,1.000000;;
          }

          Frame _29___i0114_end {
           

           FrameTransformMatrix {
            1.000000,0.000000,-0.000000,0.000000,0.000000,1.000000,0.000000,0.000000,0.000000,0.000000,1.000000,0.000000,0.000000,-0.000015,1.000015,1.000000;;
           }
          }
         }

         Frame _30___i0115 {
          

          FrameTransformMatrix {
           -0.185033,0.943093,0.276294,0.000000,-0.658933,0.089522,-0.746855,0.000000,-0.729088,-0.320253,0.604871,0.000000,-22.326237,-21.251402,-64.451059,1.000000;;
          }

          Frame _30___i0115_end {
           

           FrameTransformMatrix {
            1.000000,-0.000000,0.000000,0.000000,0.000000,1.000000,0.000000,0.000000,0.000000,-0.000000,1.000000,0.000000,0.000000,-0.000015,0.999981,1.000000;;
           }
          }
         }

         Frame _31___i0116 {
          

          FrameTransformMatrix {
           0.008105,0.943694,0.330721,0.000000,0.586734,0.263327,-0.765769,0.000000,-0.809739,0.200252,-0.551564,0.000000,-23.887107,-20.716466,-68.164192,1.000000;;
          }

          Frame _31___i0116_end {
           

           FrameTransformMatrix {
            1.000000,0.000000,0.000000,0.000000,-0.000000,1.000000,0.000000,0.000000,0.000000,-0.000000,1.000000,0.000000,0.000000,0.000015,1.000008,1.000000;;
           }
          }
         }

         Frame _32___i0117 {
          

          FrameTransformMatrix {
           -0.788054,-0.615571,-0.006529,0.000000,-0.137790,0.186716,-0.972703,0.000000,0.599987,-0.765643,-0.231962,0.000000,20.771638,-2.837105,-44.004922,1.000000;;
          }

          Frame _32___i0117_end {
           

           FrameTransformMatrix {
            1.000000,-0.000000,-0.000000,0.000000,-0.000000,1.000000,0.000000,0.000000,0.000000,0.000000,1.000000,0.000000,-0.000001,0.000000,1.000042,1.000000;;
           }
          }
         }

         Frame _33___i0118 {
          

          FrameTransformMatrix {
           0.496504,-0.800702,0.335203,0.000000,-0.641096,-0.598600,-0.480286,0.000000,0.585218,0.023566,-0.810534,0.000000,35.093222,-21.104906,-49.534310,1.000000;;
          }

          Frame _33___i0118_end {
           

           FrameTransformMatrix {
            1.000000,0.000000,0.000000,0.000000,0.000000,1.000000,-0.000000,0.000000,-0.000000,0.000000,1.000000,0.000000,0.000002,0.000015,1.000015,1.000000;;
           }
          }
         }

         Frame _34___i0119 {
          

          FrameTransformMatrix {
           0.186704,0.938713,0.289758,0.000000,0.574310,-0.343587,0.743046,0.000000,0.797063,0.027681,-0.603261,0.000000,45.721766,-20.676819,-64.252877,1.000000;;
          }

          Frame _34___i0119_end {
           

           FrameTransformMatrix {
            1.000000,0.000000,0.000000,0.000000,0.000000,1.000000,-0.000000,0.000000,0.000000,-0.000000,1.000000,0.000000,-0.000008,0.000008,1.000038,1.000000;;
           }
          }
         }

         Frame _35___i0120 {
          

          FrameTransformMatrix {
           -0.001194,0.943577,0.331150,0.000000,0.606485,-0.262613,0.750474,0.000000,0.795095,0.201734,-0.571952,0.000000,52.079933,-20.646792,-69.128685,1.000000;;
          }

          Frame _35___i0120_end {
           

           FrameTransformMatrix {
            1.000000,0.000000,0.000000,0.000000,-0.000000,1.000000,-0.000000,0.000000,0.000000,0.000000,1.000000,0.000000,0.000000,-0.000023,1.000031,1.000000;;
           }
          }
         }

         Frame _36___i0121 {
          

          FrameTransformMatrix {
           0.189629,0.943352,0.272265,0.000000,-0.639776,-0.091631,0.763080,0.000000,0.744801,-0.318891,0.586157,0.000000,50.614755,-21.184728,-65.376749,1.000000;;
          }

          Frame _36___i0121_end {
           

           FrameTransformMatrix {
            1.000000,0.000000,0.000000,0.000000,0.000000,1.000000,-0.000000,0.000000,0.000000,0.000000,1.000000,0.000000,0.000000,0.000000,0.999992,1.000000;;
           }
          }
         }

         Frame _37___i0122 {
          

          FrameTransformMatrix {
           0.248423,0.936448,0.247693,0.000000,-0.955305,0.194552,0.222583,0.000000,0.160248,-0.291917,0.942924,0.000000,48.476723,-21.504773,-63.066874,1.000000;;
          }

          Frame _37___i0122_end {
           

           FrameTransformMatrix {
            1.000000,0.000000,0.000000,0.000000,-0.000000,1.000000,0.000000,0.000000,0.000000,-0.000000,1.000000,0.000000,0.000000,-0.000015,1.000015,1.000000;;
           }
          }
         }

         Frame _38___i0123 {
          

          FrameTransformMatrix {
           -0.163449,0.914554,0.369966,0.000000,0.383218,-0.286704,0.878035,0.000000,0.909081,0.285292,-0.303612,0.000000,70.862182,-15.881544,-82.638099,1.000000;;
          }

          Frame _38___i0123_end {
           

           FrameTransformMatrix {
            1.000000,-0.000000,0.000000,0.000000,0.000000,1.000000,-0.000000,0.000000,0.000000,-0.000000,1.000000,0.000000,0.000000,-0.000031,0.999977,1.000000;;
           }
          }
         }

         Frame _39___i0124 {
          

          FrameTransformMatrix {
           0.171336,0.915046,0.365150,0.000000,0.360154,0.286805,-0.887711,0.000000,-0.917024,0.283607,-0.280418,0.000000,-43.014758,-15.986091,-81.191904,1.000000;;
          }

          Frame _39___i0124_end {
           

           FrameTransformMatrix {
            1.000000,0.000000,-0.000000,0.000000,0.000000,1.000000,0.000000,0.000000,0.000000,-0.000000,1.000000,0.000000,-0.000015,0.000000,0.999977,1.000000;;
           }
          }
         }

         Frame _40___i0125 {
          

          FrameTransformMatrix {
           -0.369478,0.860124,0.351672,0.000000,-0.927884,-0.361930,-0.089652,0.000000,0.050169,-0.359435,0.931820,0.000000,-26.487213,-25.157445,-62.101126,1.000000;;
          }

          Frame _40___i0125_end {
           

           FrameTransformMatrix {
            1.000000,-0.000000,0.000000,0.000000,-0.000000,1.000000,0.000000,0.000000,0.000000,0.000000,1.000000,0.000000,0.000004,0.000004,0.999985,1.000000;;
           }
          }
         }

         Frame _41___i0126 {
          

          FrameTransformMatrix {
           -0.171329,0.929995,0.325201,0.000000,-0.754721,0.088281,-0.650079,0.000000,-0.633279,-0.356814,0.686762,0.000000,-29.059213,-24.574568,-63.947322,1.000000;;
          }

          Frame _41___i0126_end {
           

           FrameTransformMatrix {
            1.000000,-0.000000,-0.000000,0.000000,0.000000,1.000000,-0.000000,0.000000,0.000000,-0.000000,1.000000,0.000000,0.000000,0.000000,1.000031,1.000000;;
           }
          }
         }

         Frame _42___i0127 {
          

          FrameTransformMatrix {
           -0.038755,0.841736,0.538497,0.000000,0.495696,0.484115,-0.721054,0.000000,-0.867631,0.238986,-0.436007,0.000000,-29.866115,-23.071674,-68.211373,1.000000;;
          }

          Frame _42___i0127_end {
           

           FrameTransformMatrix {
            1.000000,-0.000000,0.000000,0.000000,0.000000,1.000000,0.000000,0.000000,-0.000000,-0.000000,1.000000,0.000000,-0.000015,0.000008,1.000008,1.000000;;
           }
          }
         }

         Frame _43___i0128 {
          

          FrameTransformMatrix {
           0.589953,-0.687905,0.422780,0.000000,-0.624618,-0.720623,-0.300925,0.000000,0.511673,-0.086544,-0.854811,0.000000,40.728227,-21.570736,-47.604086,1.000000;;
          }

          Frame _43___i0128_end {
           

           FrameTransformMatrix {
            1.000000,0.000000,0.000000,0.000000,0.000000,1.000000,-0.000000,0.000000,0.000000,0.000000,1.000000,0.000000,0.000011,0.000008,0.999939,1.000000;;
           }
          }
         }

         Frame _44___i0129 {
          

          FrameTransformMatrix {
           0.297132,0.835214,0.462741,0.000000,0.508299,-0.548612,0.663820,0.000000,0.808297,0.037969,-0.587549,0.000000,50.273754,-23.184773,-63.551686,1.000000;;
          }

          Frame _44___i0129_end {
           

           FrameTransformMatrix {
            1.000000,0.000000,0.000000,0.000000,0.000000,1.000000,-0.000000,0.000000,0.000000,0.000000,1.000000,0.000000,-0.000015,0.000000,0.999954,1.000000;;
           }
          }
         }

         Frame _45___i0130 {
          

          FrameTransformMatrix {
           0.051099,0.841604,0.537672,0.000000,0.514721,-0.483556,0.707980,0.000000,0.855834,0.240574,-0.457900,0.000000,58.059949,-22.990669,-69.327552,1.000000;;
          }

          Frame _45___i0130_end {
           

           FrameTransformMatrix {
            1.000000,-0.000000,-0.000000,0.000000,0.000000,1.000000,-0.000000,0.000000,-0.000000,0.000000,1.000000,0.000000,0.000000,0.000000,1.000000,1.000000;;
           }
          }
         }

         Frame _46___i0131 {
          

          FrameTransformMatrix {
           0.177035,0.930221,0.321478,0.000000,-0.737987,-0.090648,0.668699,0.000000,0.651179,-0.355629,0.670443,0.000000,57.364858,-24.494642,-65.045491,1.000000;;
          }

          Frame _46___i0131_end {
           

           FrameTransformMatrix {
            1.000000,0.000000,0.000000,0.000000,0.000000,1.000000,-0.000000,0.000000,-0.000000,0.000000,1.000000,0.000000,0.000000,0.000000,1.000015,1.000000;;
           }
          }
         }

         Frame _47___i0132 {
          

          FrameTransformMatrix {
           0.376172,0.861020,0.342257,0.000000,-0.926190,0.359725,0.113005,0.000000,-0.025819,-0.359504,0.932787,0.000000,54.841786,-25.082619,-63.134528,1.000000;;
          }

          Frame _47___i0132_end {
           

           FrameTransformMatrix {
            1.000000,-0.000000,0.000000,0.000000,0.000000,1.000000,0.000000,0.000000,0.000000,0.000000,1.000000,0.000000,0.000004,0.000000,0.999970,1.000000;;
           }
          }
         }

         Frame _48___i0133 {
          

          FrameTransformMatrix {
           -0.577842,-0.688906,0.437615,0.000000,-0.618054,0.719549,0.316636,0.000000,-0.533018,-0.087504,-0.841567,0.000000,-11.991783,-21.618970,-46.933798,1.000000;;
          }

          Frame _48___i0133_end {
           

           FrameTransformMatrix {
            1.000000,-0.000000,0.000000,0.000000,0.000000,1.000000,0.000000,0.000000,-0.000000,-0.000000,1.000000,0.000000,-0.000002,0.000000,1.000061,1.000000;;
           }
          }
         }

         Frame _49___i0134 {
          

          FrameTransformMatrix {
           -0.286826,0.834676,0.470156,0.000000,0.490264,0.549533,-0.676502,0.000000,-0.823026,0.036462,-0.566832,0.000000,-21.935288,-23.251379,-62.635123,1.000000;;
          }

          Frame _49___i0134_end {
           

           FrameTransformMatrix {
            1.000000,0.000000,-0.000000,0.000000,0.000000,1.000000,0.000000,0.000000,0.000000,-0.000000,1.000000,0.000000,-0.000023,0.000000,0.999954,1.000000;;
           }
          }
         }

         Frame _50___i0135 {
          

          FrameTransformMatrix {
           0.284532,0.770126,0.570918,0.000000,0.258162,0.511980,-0.819286,0.000000,-0.923252,0.380502,-0.053142,0.000000,-54.983827,-16.152389,-80.833306,1.000000;;
          }

          Frame _50___i0135_end {
           

           FrameTransformMatrix {
            1.000000,-0.000000,-0.000000,0.000000,0.000000,1.000000,-0.000000,0.000000,0.000000,0.000000,1.000000,0.000000,0.000031,0.000015,0.999947,1.000000;;
           }
          }
         }

         Frame _51___i0136 {
          

          FrameTransformMatrix {
           -0.271002,0.768956,0.579020,0.000000,0.280180,-0.512471,0.811710,0.000000,0.920900,0.382205,-0.076565,0.000000,82.836166,-16.025261,-82.583808,1.000000;;
          }

          Frame _51___i0136_end {
           

           FrameTransformMatrix {
            1.000000,-0.000000,0.000000,0.000000,0.000000,1.000000,0.000000,0.000000,0.000000,-0.000000,1.000000,0.000000,-0.000031,-0.000015,0.999939,1.000000;;
           }
          }
         }

         Frame _52___i0137 {
          

          FrameTransformMatrix {
           0.737798,-0.648808,-0.186287,0.000000,-0.195709,-0.469721,0.860849,0.000000,-0.646028,-0.598674,-0.473536,0.000000,8.164227,-2.942305,-32.161446,1.000000;;
          }

          Frame _52___i0137_end {
           

           FrameTransformMatrix {
            1.000000,0.000000,0.000000,0.000000,-0.000000,1.000000,0.000000,0.000000,-0.000000,-0.000000,1.000000,0.000000,-0.000002,0.000008,0.999977,1.000000;;
           }
          }
         }

         Frame _53___i0138 {
          

          FrameTransformMatrix {
           -0.742060,-0.648071,-0.171323,0.000000,-0.215063,0.472236,-0.854834,0.000000,0.634898,-0.597493,-0.489803,0.000000,20.920294,-2.929940,-32.322992,1.000000;;
          }

          Frame _53___i0138_end {
           

           FrameTransformMatrix {
            1.000000,0.000000,0.000000,0.000000,0.000000,1.000000,-0.000000,0.000000,-0.000000,-0.000000,1.000000,0.000000,0.000004,0.000000,0.999977,1.000000;;
           }
          }
         }

         Frame _54___i1001 {
          

          FrameTransformMatrix {
           0.991979,-0.000197,0.126406,0.000000,-0.000821,0.999968,0.008000,0.000000,-0.126404,-0.008040,0.991946,0.000000,-0.093290,1.378875,-4.213440,1.000000;;
          }

          Frame _54___i1001_end {
           

           FrameTransformMatrix {
            1.000000,-0.000000,-0.000000,0.000000,-0.000000,1.000000,-0.000000,0.000000,0.000000,0.000000,1.000000,0.000000,0.000004,0.000000,1.000008,1.000000;;
           }
          }
         }

         Frame _55___i1002 {
          

          FrameTransformMatrix {
           0.990763,0.001898,-0.135591,0.000000,-0.000821,0.999968,0.008000,0.000000,0.135602,-0.007815,0.990733,0.000000,30.097398,1.403299,-4.168686,1.000000;;
          }

          Frame _55___i1002_end {
           

           FrameTransformMatrix {
            1.000000,0.000000,0.000000,0.000000,0.000000,1.000000,-0.000000,0.000000,0.000000,0.000000,1.000000,0.000000,-0.000002,0.000000,1.000000,1.000000;;
           }
          }
         }

         Frame _56___i1003 {
          

          FrameTransformMatrix {
           -0.000994,-0.988669,-0.150107,0.000000,0.999919,0.000922,-0.012699,0.000000,0.012694,-0.150107,0.988588,0.000000,14.863325,-10.638375,-7.558373,1.000000;;
          }

          Frame _56___i1003_end {
           

           FrameTransformMatrix {
            1.000000,0.000000,0.000000,0.000000,0.000000,1.000000,-0.000000,0.000000,0.000000,-0.000000,1.000000,0.000000,0.000000,-0.000000,0.999962,1.000000;;
           }
          }
         }

         Frame _57___i1004 {
          

          FrameTransformMatrix {
           -0.000876,-0.990022,-0.140914,0.000000,0.999919,0.000922,-0.012700,0.000000,0.012703,-0.140913,0.989941,0.000000,15.539075,-18.029397,45.109600,1.000000;;
          }

          Frame _57___i1004_end {
           

           FrameTransformMatrix {
            1.000000,-0.000000,0.000000,0.000000,-0.000000,1.000000,-0.000000,0.000000,0.000000,-0.000000,1.000000,0.000000,0.000000,0.000000,0.999985,1.000000;;
           }
          }
         }

         Frame _58___i1005 {
          

          FrameTransformMatrix {
           0.996221,0.000123,0.086857,0.000000,-0.000821,0.999968,0.008000,0.000000,-0.086853,-0.008041,0.996189,0.000000,-5.453447,0.974836,45.740346,1.000000;;
          }

          Frame _58___i1005_end {
           

           FrameTransformMatrix {
            1.000000,0.000000,-0.000000,0.000000,0.000000,1.000000,0.000000,0.000000,-0.000000,-0.000000,1.000000,0.000000,0.000000,-0.000000,0.999962,1.000000;;
           }
          }
         }

         Frame _59___i1006 {
          

          FrameTransformMatrix {
           0.992735,0.001777,-0.120311,0.000000,-0.000821,0.999968,0.008000,0.000000,0.120322,-0.007843,0.992704,0.000000,36.514125,1.008401,45.850941,1.000000;;
          }

          Frame _59___i1006_end {
           

           FrameTransformMatrix {
            1.000000,0.000000,0.000000,0.000000,0.000000,1.000000,0.000000,0.000000,0.000000,-0.000000,1.000000,0.000000,0.000000,0.000000,1.000011,1.000000;;
           }
          }
         }

         Frame _60___i1007 {
          

          FrameTransformMatrix {
           -0.000696,-0.991924,-0.126831,0.000000,0.999919,0.000922,-0.012700,0.000000,0.012714,-0.126829,0.991843,0.000000,15.215053,-14.796947,19.832504,1.000000;;
          }

          Frame _60___i1007_end {
           

           FrameTransformMatrix {
            1.000000,-0.000000,0.000000,0.000000,0.000000,1.000000,0.000000,0.000000,0.000000,0.000000,1.000000,0.000000,-0.000002,-0.000000,1.000000,1.000000;;
           }
          }
         }

         Frame _61___i1008 {
          

          FrameTransformMatrix {
           0.996151,0.000116,0.087648,0.000000,-0.000821,0.999968,0.008000,0.000000,-0.087644,-0.008041,0.996119,0.000000,-3.208376,1.180731,20.234413,1.000000;;
          }

          Frame _61___i1008_end {
           

           FrameTransformMatrix {
            1.000000,0.000000,0.000000,0.000000,0.000000,1.000000,-0.000000,0.000000,0.000000,0.000000,1.000000,0.000000,0.000000,0.000000,1.000046,1.000000;;
           }
          }
         }

         Frame _62___i1009 {
          

          FrameTransformMatrix {
           0.992843,0.001770,-0.119410,0.000000,-0.000821,0.999968,0.008000,0.000000,0.119421,-0.007845,0.992813,0.000000,33.401872,1.212790,19.983514,1.000000;;
          }

          Frame _62___i1009_end {
           

           FrameTransformMatrix {
            1.000000,0.000000,0.000000,0.000000,-0.000000,1.000000,0.000000,0.000000,0.000000,0.000000,1.000000,0.000000,0.000000,0.000000,1.000015,1.000000;;
           }
          }
         }

         Frame _63___i1010 {
          

          FrameTransformMatrix {
           -0.000739,-0.991484,-0.130227,0.000000,0.999919,0.000922,-0.012700,0.000000,0.012712,-0.130225,0.991403,0.000000,14.518515,-11.525086,-34.771187,1.000000;;
          }

          Frame _63___i1010_end {
           

           FrameTransformMatrix {
            1.000000,0.000000,0.000000,0.000000,-0.000000,1.000000,0.000000,0.000000,0.000000,-0.000000,1.000000,0.000000,0.000000,0.000000,1.000008,1.000000;;
           }
          }
         }

         Frame _64___i1011 {
          

          FrameTransformMatrix {
           -0.000615,-0.992708,-0.120542,0.000000,0.999919,0.000922,-0.012700,0.000000,0.012719,-0.120540,0.992627,0.000000,14.910693,-15.541576,-4.184876,1.000000;;
          }

          Frame _64___i1011_end {
           

           FrameTransformMatrix {
            1.000000,0.000000,-0.000000,0.000000,-0.000000,1.000000,0.000000,0.000000,0.000000,0.000000,1.000000,0.000000,0.000000,0.000000,0.999962,1.000000;;
           }
          }
         }

         Frame _65___i1012 {
          

          FrameTransformMatrix {
           -0.000761,-0.991260,-0.131922,0.000000,0.999919,0.000923,-0.012701,0.000000,0.012711,-0.131921,0.991179,0.000000,15.336704,-19.579451,29.063574,1.000000;;
          }

          Frame _65___i1012_end {
           

           FrameTransformMatrix {
            1.000000,0.000000,0.000000,0.000000,0.000000,1.000000,-0.000000,0.000000,0.000000,0.000000,1.000000,0.000000,0.000000,0.000000,1.000011,1.000000;;
           }
          }
         }

         Frame _66___i1013 {
          

          FrameTransformMatrix {
           0.999726,0.001007,-0.023399,0.000000,-0.000820,0.999967,0.007999,0.000000,0.023406,-0.007978,0.999695,0.000000,14.691206,12.790458,-6.636436,1.000000;;
          }

          Frame _66___i1013_end {
           

           FrameTransformMatrix {
            1.000000,0.000000,-0.000000,0.000000,0.000000,1.000000,-0.000000,0.000000,-0.000000,-0.000000,1.000000,0.000000,0.000000,0.000000,0.999954,1.000000;;
           }
          }
         }

         Frame _67___i1014 {
          

          FrameTransformMatrix {
           0.999726,0.001007,-0.023399,0.000000,-0.000820,0.999968,0.007999,0.000000,0.023406,-0.007978,0.999695,0.000000,15.210976,12.595074,17.839752,1.000000;;
          }

          Frame _67___i1014_end {
           

           FrameTransformMatrix {
            1.000000,0.000000,-0.000000,0.000000,0.000000,1.000000,0.000000,0.000000,-0.000000,-0.000000,1.000000,0.000000,0.000000,0.000002,0.999947,1.000000;;
           }
          }
         }
        }
       }
      }
     }
    }
   }

   Frame _6___leg1l {
    

    FrameTransformMatrix {
     0.999943,-0.000000,-0.022205,0.000000,-0.000000,-1.000000,0.000000,0.000000,-0.022201,-0.000000,-0.999754,0.000000,-0.000000,6.246401,0.000008,1.000000;;
    }

    Frame _10___leg2l {
     

     FrameTransformMatrix {
      1.000000,-0.000000,-0.000700,0.000000,0.000000,1.000000,0.000000,0.000000,0.000700,-0.000000,1.000000,0.000000,0.001374,0.000001,48.600035,1.000000;;
     }

     Frame _15__-footl {
      

      FrameTransformMatrix {
       0.999769,-0.000000,-0.021495,0.000000,0.000000,1.000000,-0.000000,0.000000,0.021495,0.000000,0.999769,0.000000,0.001969,0.000000,48.600083,1.000000;;
      }

      Frame _15__-footl_end {
       

       FrameTransformMatrix {
        1.000000,0.000000,-0.000000,0.000000,-0.000000,1.000000,-0.000000,0.000000,0.000000,0.000000,1.000000,0.000000,0.000000,0.000000,0.999998,1.000000;;
       }
      }
     }
    }
   }

   Frame _7___leg1r {
    

    FrameTransformMatrix {
     0.999943,-0.000000,-0.022205,0.000000,-0.000000,-1.000000,0.000000,0.000000,-0.022201,-0.000000,-0.999754,0.000000,0.000000,-6.246400,0.000008,1.000000;;
    }

    Frame _11___leg2r {
     

     FrameTransformMatrix {
      1.000000,-0.000000,-0.000700,0.000000,0.000000,1.000000,-0.000000,0.000000,0.000700,0.000000,1.000000,0.000000,0.001374,0.000001,48.600035,1.000000;;
     }

     Frame _16__-footr {
      

      FrameTransformMatrix {
       0.999769,-0.000000,-0.021495,0.000000,0.000000,1.000000,0.000000,0.000000,0.021495,-0.000000,0.999769,0.000000,0.001970,-0.000000,48.600099,1.000000;;
      }

      Frame _16__-footr_end {
       

       FrameTransformMatrix {
        1.000000,-0.000000,-0.000000,0.000000,0.000000,1.000000,0.000000,0.000000,-0.000000,0.000000,1.000000,0.000000,0.000000,-0.000001,0.999999,1.000000;;
       }
      }
     }
    }
   }
  }

  Frame _2__-footsteps {
   

   FrameTransformMatrix {
    -0.000000,0.000000,-1.000000,0.000000,0.000000,1.000000,0.000000,0.000000,1.000000,0.000000,-0.000000,0.000000,0.000000,-108.163891,0.000000,1.000000;;
   }

   Frame _2__-footsteps_end {
    

    FrameTransformMatrix {
     1.000000,0.000000,0.000000,0.000000,-0.000000,1.000000,0.000000,0.000000,0.000000,0.000000,1.000000,0.000000,0.000000,0.000000,1.000000,1.000000;;
    }
   }
  }
 }
}

Frame bPart {
 

 FrameTransformMatrix {
  39.370112,-0.000326,0.000110,0.000000,0.000326,39.370726,-0.001336,0.000000,-0.000109,0.001336,39.370819,0.000000,-692.52966,315.408179,6706.7596,1.000000;;
 }

 Mesh bPart {
  288;
  8.188681;4.427382;-22.911093;,
  9.139780;2.804382;-25.111994;,
  30.581779;6.263883;-21.102688;,
  30.474778;5.992282;-21.853989;,
  30.581779;6.263883;-21.102688;,
  9.139780;2.804382;-25.111994;,
  34.473078;6.822582;-21.245789;,
  32.308979;6.971782;-21.479686;,
  32.195277;6.256382;-19.543086;,
  8.188681;4.427382;-22.911093;,
  30.581779;6.263883;-21.102688;,
  8.583879;6.894882;-24.495992;,
  30.375581;6.722082;-21.744088;,
  8.583879;6.894882;-24.495992;,
  30.581779;6.263883;-21.102688;,
  30.375581;6.722082;-21.744088;,
  30.689178;6.463381;-22.330486;,
  8.583879;6.894882;-24.495992;,
  9.345579;5.997382;-26.344694;,
  8.583879;6.894882;-24.495992;,
  30.689178;6.463381;-22.330486;,
  34.473078;6.822582;-21.245789;,
  32.195277;6.256382;-19.543086;,
  32.402678;6.206182;-21.595787;,
  9.139780;2.804382;-25.111994;,
  9.573780;4.250581;-26.583094;,
  30.474778;5.992282;-21.853989;,
  30.689178;6.463381;-22.330486;,
  30.474778;5.992282;-21.853989;,
  9.573780;4.250581;-26.583094;,
  30.375581;6.722082;-21.744088;,
  32.308979;6.971782;-21.479686;,
  30.689178;6.463381;-22.330486;,
  32.490678;6.885682;-23.451587;,
  30.689178;6.463381;-22.330486;,
  32.308979;6.971782;-21.479686;,
  30.581779;6.263883;-21.102688;,
  32.195277;6.256382;-19.543086;,
  30.375581;6.722082;-21.744088;,
  32.308979;6.971782;-21.479686;,
  30.375581;6.722082;-21.744088;,
  32.195277;6.256382;-19.543086;,
  30.474778;5.992282;-21.853989;,
  32.402678;6.206182;-21.595787;,
  30.581779;6.263883;-21.102688;,
  32.195277;6.256382;-19.543086;,
  30.581779;6.263883;-21.102688;,
  32.402678;6.206182;-21.595787;,
  30.689178;6.463381;-22.330486;,
  32.490678;6.885682;-23.451587;,
  30.474778;5.992282;-21.853989;,
  32.402678;6.206182;-21.595787;,
  30.474778;5.992282;-21.853989;,
  32.490678;6.885682;-23.451587;,
  34.473078;6.822582;-21.245789;,
  32.402678;6.206182;-21.595787;,
  32.490678;6.885682;-23.451587;,
  32.308979;6.971782;-21.479686;,
  34.473078;6.822582;-21.245789;,
  32.490678;6.885682;-23.451587;,
  9.573780;4.250581;-26.583094;,
  9.345579;5.997382;-26.344694;,
  30.689178;6.463381;-22.330486;,
  11.154280;4.994082;-23.710891;,
  9.417980;4.196982;-20.056693;,
  9.139780;2.804382;-25.111994;,
  7.697181;2.078982;-21.093794;,
  9.139780;2.804382;-25.111994;,
  9.417980;4.196982;-20.056693;,
  7.164980;5.995382;-20.503992;,
  9.417980;4.196982;-20.056693;,
  8.583879;6.894882;-24.495992;,
  11.154280;4.994082;-23.710891;,
  8.583879;6.894882;-24.495992;,
  9.417980;4.196982;-20.056693;,
  17.250179;9.016682;-48.134787;,
  11.154280;4.994082;-23.710891;,
  9.139780;2.804382;-25.111994;,
  8.583879;6.894882;-24.495992;,
  11.154280;4.994082;-23.710891;,
  17.117581;9.866082;-48.010589;,
  9.417980;4.196982;-20.056693;,
  7.164980;5.995382;-20.503992;,
  7.697181;2.078982;-21.093794;,
  -9.594818;4.845882;-36.420602;,
  9.139780;2.804382;-25.111994;,
  -10.202018;5.060681;-35.935997;,
  8.188681;4.427382;-22.911093;,
  -10.202018;5.060681;-35.935997;,
  9.139780;2.804382;-25.111994;,
  -12.420418;4.747881;-35.807098;,
  -11.342518;5.540081;-37.383597;,
  -13.087719;5.079481;-38.609398;,
  -9.694019;5.575781;-36.310701;,
  -10.202018;5.060681;-35.935997;,
  8.583879;6.894882;-24.495992;,
  8.188681;4.427382;-22.911093;,
  8.583879;6.894882;-24.495992;,
  -10.202018;5.060681;-35.935997;,
  9.345579;5.997382;-26.344694;,
  -9.509618;5.306781;-36.945296;,
  8.583879;6.894882;-24.495992;,
  -9.694019;5.575781;-36.310701;,
  8.583879;6.894882;-24.495992;,
  -9.509618;5.306781;-36.945296;,
  -11.230318;4.775981;-37.492797;,
  -12.420418;4.747881;-35.807098;,
  -13.087719;5.079481;-38.609398;,
  -9.509618;5.306781;-36.945296;,
  9.573780;4.250581;-26.583094;,
  -9.594818;4.845882;-36.420602;,
  9.139780;2.804382;-25.111994;,
  -9.594818;4.845882;-36.420602;,
  9.573780;4.250581;-26.583094;,
  -10.180918;5.532082;-38.989699;,
  -11.342518;5.540081;-37.383597;,
  -9.509618;5.306781;-36.945296;,
  -9.694019;5.575781;-36.310701;,
  -9.509618;5.306781;-36.945296;,
  -11.342518;5.540081;-37.383597;,
  -11.342518;5.540081;-37.383597;,
  -12.420418;4.747881;-35.807098;,
  -9.694019;5.575781;-36.310701;,
  -10.202018;5.060681;-35.935997;,
  -9.694019;5.575781;-36.310701;,
  -12.420418;4.747881;-35.807098;,
  -12.420418;4.747881;-35.807098;,
  -11.230318;4.775981;-37.492797;,
  -10.202018;5.060681;-35.935997;,
  -9.594818;4.845882;-36.420602;,
  -10.202018;5.060681;-35.935997;,
  -11.230318;4.775981;-37.492797;,
  -11.230318;4.775981;-37.492797;,
  -10.180918;5.532082;-38.989699;,
  -9.594818;4.845882;-36.420602;,
  -9.509618;5.306781;-36.945296;,
  -9.594818;4.845882;-36.420602;,
  -10.180918;5.532082;-38.989699;,
  -10.180918;5.532082;-38.989699;,
  -11.230318;4.775981;-37.492797;,
  -13.087719;5.079481;-38.609398;,
  -10.180918;5.532082;-38.989699;,
  -13.087719;5.079481;-38.609398;,
  -11.342518;5.540081;-37.383597;,
  -9.509618;5.306781;-36.945296;,
  9.345579;5.997382;-26.344694;,
  9.573780;4.250581;-26.583094;,
  7.697181;2.078982;-21.093794;,
  5.443780;3.880382;-21.540597;,
  9.139780;2.804382;-25.111994;,
  6.419881;4.619281;-25.478194;,
  9.139780;2.804382;-25.111994;,
  5.443780;3.880382;-21.540597;,
  6.419881;4.619281;-25.478194;,
  5.443780;3.880382;-21.540597;,
  8.583879;6.894882;-24.495992;,
  7.164980;5.995382;-20.503992;,
  8.583879;6.894882;-24.495992;,
  5.443780;3.880382;-21.540597;,
  9.139780;2.804382;-25.111994;,
  6.419881;4.619281;-25.478194;,
